48.942311256744 8.4114812707717 138.18634033203 0.032275 -0.005454 -0.6042846732051 -0.006549562833614 0.0036189043872201 0.0066991471422009 0.003333874509053 -0.005014553476025 0.053438087570732 0.32166670771852 9.7967042629039 2.7077857766402e-05 0.0052359734929095 9.8021294424498 -0.00029742531056353 -0.00013331601668275 -0.00063534334917345 -0.00029390571921384 -0.0001127384516552 -0.00064091841624723 0.014866068747319 0.010630145812735 4 11 6 6 6 
48.94231123837 8.4114812786125 138.18579101562 0.032278 -0.005379 -0.6042096732051 -0.0073623427589583 0.0038516426509384 0.0073523889445947 0.0038706064038191 -0.005059699499976 0.04985505697935 0.32364778643638 9.7948096631919 -0.0033494458964478 0.0072385066777948 9.8002797695759 -0.00033076128768306 0.0008723012474471 0.00044260128269942 -0.00033333979598747 0.0008575451630968 0.00046867611732219 0.014866068747319 0.010630145812735 4 11 6 6 6 
48.942311223855 8.4114812823579 138.18553161621 0.032266 -0.005411 -0.6042106732051 -0.0080153483331042 0.0039180884586033 0.0077780473210579 0.004370256932062 -0.0050275229107854 0.058905744657864 0.30560455148924 9.8113522622896 0.00581924041892 -0.011273504207112 9.8162809539181 -0.00042845232195866 -3.3210564789275e-05 0.00036046444279394 -0.00043039882775189 -4.4806581077719e-05 0.00035686367020135 0.014866068747319 0.010630145812735 4 11 6 6 6 
48.942311210824 8.4114812907094 138.18441772461 0.032276 -0.005393 -0.6041596732051 -0.008621532787402 0.0040043333250749 0.0081932290658312 0.0048204190358829 -0.00524795101431 0.048036964612963 0.32812860536458 9.7880756386443 -0.0047725032176192 0.011939377623094 9.79368483909 -0.00026855894119907 1.9038559654616e-05 0.00062293825652761 -0.0002719386799767 -1.0592768085948e-06 0.00062180430513047 0.014866068747319 0.010630145812735 4 11 6 6 6 
48.942311197922 8.4114812984643 138.18350219727 0.032331 -0.005457 -0.6042886732051 -0.0093590215468087 0.004263349517129 0.0088256118477062 0.0052797799232478 -0.0055373894941304 0.063314064588837 0.3034886087169 9.818831322884 0.010180089004276 -0.013932762111244 9.8237119376959 0.00021327753701653 -0.00088193239074999 -0.00085603863462583 0.00021810240236195 -0.00085379975821119 -0.00088287104123438 0.014866068747319 0.010630145812735 4 11 6 6 6 
48.942311186571 8.4114813065977 138.18255615234 0.032365 -0.005372 -0.6043116732051 -0.0097219397813039 0.0045194260844134 0.0092427292067559 0.0054326070951362 -0.0056731892861001 0.047971040946463 0.32589055233331 9.7901542576848 -0.0049198859246213 0.0093196515889057 9.7956920281528 0.0007475663873278 0.00050631104998476 -0.00060492322868323 0.00075072886201213 0.00052567689301422 -0.00058407774670518 0.014866068747319 0.010630145812735 4 11 6 6 6 
48.942311176539 8.4114813130775 138.18176269531 0.03231 -0.00541 -0.6043226732051 -0.010208296220522 0.0046541599892814 0.0096301516052201 0.0057559293478759 -0.0059182384674404 0.059626448812056 0.30828333098385 9.8109247211944 0.0065528668514945 -0.0089513999183808 9.8159434730727 -0.00023522838948168 -5.8144257620284e-06 -0.00017609231259983 -0.00023424720718517 -1.1929049854967e-07 -0.00017740072004983 0.014866068747319 0.010630145812735 4 11 6 6 6 
48.942311168717 8.411481311439 138.18301391602 0.032303 -0.005399 -0.6043136732051 -0.010366403389742 0.0046542210249185 0.0097200107117448 0.0058860385626474 -0.0059283219389554 0.051102280774518 0.32745766276527 9.7919077478628 -0.0019057789309568 0.010871758865845 9.7975101588944 -0.00030864664138162 0.00031422547076163 -9.4782368171834e-05 -0.00030821022854402 0.0003171195777459 -8.6227949029726e-05 0.014866068747319 0.010630145812735 4 11 6 6 6 
48.942311160773 8.4114813123152 138.18359375 0.032367 -0.005451 -0.6043576732051 -0.010881457996229 0.0047402276223111 0.010083652833125 0.0062606544666845 -0.0051980531915763 0.064950709722321 0.30600714359349 9.8168600156796 0.011641054721466 -0.011597608686987 9.8218306246534 0.00043991230852096 -0.00030552050016427 -0.00025181332046436 0.00044127198316552 -0.00029722589366673 -0.00025916070513137 0.014866068747319 0.010630145812735 4 11 6 6 6 
48.942311155334 8.4114813093519 138.18423461914 0.032333 -0.0055 -0.6043486732051 -0.010780646681176 0.004658553603383 0.0099592063694118 0.0062240401893454 -0.0052253759088243 0.052816718077061 0.31669146188593 9.8005626744785 -0.00055509330930485 -0.00039779734248828 9.8058219118771 -0.00017432275677634 -0.00083299704835799 4.5578071609683e-05 -0.00017445362902438 -0.00083402676104922 1.7637945037736e-05 0.014866068747319 0.010630145812735 4 11 6 6 6 
48.942311149403 8.4114813130261 138.18391418457 0.032343 -0.005436 -0.6043136732051 -0.011165999805555 0.0045884211844063 0.010120283016575 0.006581257300049 -0.0049355428768461 0.060550721399636 0.31307606724471 9.8130106302584 0.0069934242216734 -0.0042130319275376 9.8181893632578 0.00039127511741358 0.00044957175958115 0.00014511380917028 0.00039036866397248 0.00044467219977337 0.0001617127034959 0.014866068747319 0.010630145812735 4 11 6 6 6 
48.942311151175 8.4114813165946 138.1834564209 0.032295 -0.005473 -0.6042996732051 -0.010933501151655 0.0046722125735626 0.01005715348908 0.0063422948065878 -0.0050347603153995 0.051741927717921 0.32626399105733 9.7926709224077 -0.0017945098960817 0.0096640625203791 9.7982379300695 -0.0002962357825904 1.5014544200898e-06 0.00049564294432691 -0.00029892845217083 -1.4485730573336e-05 0.00049373221869965 0.014866068747319 0.010630145812735 4 11 6 6 6 
48.942311156496 8.4114813141854 138.18368530273 0.032348 -0.00548 -0.6043856732051 -0.010882339823692 0.0046281782019932 0.0099920624548067 0.0063248748866096 -0.0052918692207025 0.050768831866045 0.32222366210812 9.7949866331544 -0.0028609150497832 0.0056101502035532 9.8004173702121 0.00070149350704891 2.5261663157725e-05 -0.00035066025888925 0.00070337524754461 3.6546526609822e-05 -0.00034577000559939 0.014866068747319 0.010630145812735 4 11 6 6 6 
48.942311159199 8.4114813127661 138.18382263184 0.0323 -0.005532 -0.6043386732051 -0.010589125515595 0.0044613081961954 0.0096881945720439 0.0061783290543929 -0.004926714623985 0.059121201685478 0.30708489786056 9.8106625388583 0.0051605971378715 -0.0098704171700696 9.8156409395124 0.00012176802331958 -0.00043226896121503 0.00060931042401347 0.00011853396573451 -0.000451814307989 0.00059570297587283 0.014866068747319 0.010630145812735 4 11 6 6 6 
48.942311164292 8.4114813069645 138.18489074707 0.032299 -0.005481 -0.6043866732051 -0.010363126686037 0.0044244117721585 0.0095296668452863 0.0060129171522303 -0.0047086548054191 0.052765954696243 0.31858550082009 9.7969330521725 -0.0010475684987296 0.0021177299403447 9.802255918149 0.00018101230756996 0.00036251898073901 0.00052551082475684 0.00017804118469765 0.00034538010728403 0.00053790285617332 0.014866068747319 0.010630145812735 4 11 6 6 6 
48.942311161906 8.411481308405 138.18472290039 0.032253 -0.005536 -0.6043646732051 -0.010386592496929 0.0041715592987786 0.0093349768424252 0.0061758607405883 -0.0045954651122009 0.062878044169899 0.29984111729193 9.8187028485181 0.00867667640734 -0.017217278977889 9.8234648450486 -0.00045875300129695 -0.00018930734704953 0.00099340497442448 -0.00046429373147352 -0.00022123394200822 0.00098420733136157 0.014866068747319 0.010630145812735 4 11 6 6 6 
48.942311167607 8.4114813103399 138.18397521973 0.032298 -0.005483 -0.6044826732051 -0.0099764409594923 0.0042126332396234 0.0091357002072114 0.005815023394643 -0.0047023372144907 0.047738187359469 0.3260914001556 9.7923658607311 -0.0062986335672482 0.009718039941583 9.7979052791151 0.00012819142456542 0.00065778266945854 -0.0008091014197436 0.00013248427770905 0.00068358925705706 -0.00078667021178228 0.014866068747319 0.010630145812735 4 11 6 6 6 
48.94231116819 8.4114813137072 138.1833190918 0.032278 -0.005512 -0.6044016732051 -0.0097538469087865 0.0042596388322248 0.0090480107223405 0.0056049564831091 -0.0050085259514516 0.057704390665087 0.3109943903039 9.8088114542459 0.0034533243967587 -0.00584632131775 9.813909482251 -0.00015320875984034 0.00040158803889486 0.00091231238897084 -0.00015830983300687 0.00037194462426016 0.00092392999628862 0.014866068747319 0.010630145812735 4 11 6 6 6 
48.942311173004 8.4114813160901 138.18264770508 0.032248 -0.005519 -0.6045026732051 -0.0092204843609341 0.0043154155789723 0.0087909847832263 0.0051340642986222 -0.0053407884378838 0.054973689559681 0.32196165720881 9.7984151214411 0.00082063451030192 0.005618764622761 9.8038570580463 -0.00035189980543441 0.00018615214480597 -0.00014717217326974 -0.00035112561652542 0.00019084656632945 -0.0001429668389216 0.014866068747319 0.010630145812735 4 11 6 6 6 
48.942311174427 8.4114813179319 138.18249511719 0.032245 -0.005532 -0.6045286732051 -0.0091366799933332 0.0042567122026436 0.0086952607136798 0.0050981207435882 -0.0052485989675877 0.062837327535708 0.30452789696976 9.8145313120602 0.0086757594695145 -0.01220297261064 9.8194452098021 -0.00024754325700504 -0.00016891482565371 4.0819275957438e-05 -0.00024772896047891 -0.00017011708669096 3.4030545744467e-05 0.014866068747319 0.010630145812735 4 11 6 6 6 
48.942311178493 8.4114813214124 138.18249511719 0.032289 -0.005601 -0.6045196732051 -0.0087864747686384 0.0041336944573306 0.0083951560742041 0.0048796463689039 -0.0053947813316542 0.060542097481552 0.3099107743625 9.8097718931219 0.0062404675222531 -0.0066796053382187 9.8148494627941 0.0006013673408894 -0.0011143619867315 0.00074624507191702 0.00059744716094604 -0.0011378567960583 0.00071329999905119 0.014866068747319 0.010630145812735 4 11 6 6 6 
48.942311185038 8.411481325915 138.18257141113 0.032257 -0.005479 -0.6046016732051 -0.0082393676385886 0.0043804481330505 0.0082873037249242 0.0042890591288314 -0.0050631129236889 0.051350459621927 0.32136587677946 9.8038788176263 -0.0027767243311412 0.0051396117159237 9.8092795047839 0.000345771008675 0.00076120313375123 -0.00032593470576996 0.00034742229528264 0.00077133353621925 -0.00029932435564291 0.014866068747319 0.010630145812735 4 11 6 6 6 
48.942311192324 8.4114813309832 138.1822052002 0.032193 -0.005601 -0.6045926732051 -0.0077087119250469 0.0044423134822408 0.0080367384039896 0.003816960323454 -0.0054282368331899 0.057528260381525 0.3113171928303 9.8011787310727 0.0032840995827312 -0.0046018082658065 9.8062920524409 -0.00039180321528312 -0.0011220538729922 0.00057629894784878 -0.00039480062510366 -0.0011400364242706 0.00053771049085822 0.014866068747319 0.010630145812735 4 11 6 6 6 
48.942311205843 8.4114813402296 138.18060302734 0.03222 -0.005512 -0.6046496732051 -0.0071682846647981 0.0045991243353129 0.0078586911391041 0.0032828706416814 -0.0059398291808011 0.047439097863374 0.3286673245279 9.7934463011499 -0.0068198819843327 0.013030888243128 9.7990658583989 0.00022967135746696 0.00051632128452969 0.00025085471227146 0.00022823766650546 0.00050791666363698 0.00026870023805364 0.014866068747319 0.010630145812735 4 11 6 6 6 
48.942311213855 8.4114813524105 138.1789855957 0.032158 -0.005534 -0.6047576732051 -0.0066721669170107 0.004980046163599 0.0078901735437462 0.0026577497532744 -0.0063473428641726 0.063070594991936 0.30624364809957 9.8152195549053 0.008835209053518 -0.0097965656746402 9.8201919592794 -0.00040215264773409 -0.00016828007353012 -0.00073348590606478 -0.00039806808998045 -0.00014462385065625 -0.00074074482159555 0.014866068747319 0.010630145812735 4 11 6 6 6 
48.94231122558 8.4114813614804 138.17738342285 0.032173 -0.00546 -0.6047456732051 -0.0059189717053499 0.0052527320950191 0.0076863394797282 0.0018829589351248 -0.0072240908781513 0.048503901814069 0.3264345687607 9.7885661423687 -0.0054765407612569 0.011398134014604 9.7941218480952 0.00012765865697147 0.00099647886072664 -0.00023986186760227 0.00012883269551266 0.0010036557730237 -0.00020690351898071 0.014866068747319 0.010630145812735 4 11 6 6 6 
48.942311227064 8.4114813538987 138.17779541016 0.032174 -0.005565 -0.6047706732051 -0.0057499377654345 0.0052285702562832 0.0075703950553584 0.001757527479887 -0.007170021292849 0.065083344006262 0.30601173335625 9.8166415301034 0.01068344988054 -0.0098514967084707 9.8216162581052 0.00011608693192098 -0.00037026506602111 -0.0003230106568302 0.00011798677130624 -0.00035968121942333 -0.00033405214125584 0.014866068747319 0.010630145812735 4 11 6 6 6 
48.942311228366 8.4114813454184 138.17874145508 0.0322 -0.005536 -0.6047306732051 -0.0055030358638514 0.0051361680916692 0.0073540416618798 0.0016067808418774 -0.0071594849169673 0.046912351913116 0.3265900637468 9.7871754135683 -0.0075118485811344 0.01159243189697 9.7927275212093 0.0004015029948906 0.00052356437440999 0.00083122221759101 0.00039681039493862 0.00049656281804754 0.00084990801467297 0.014866068747319 0.010630145812735 4 11 6 6 6 
48.942311228519 8.4114813349899 138.17993164062 0.032157 -0.005605 -0.6047876732051 -0.0053567037046506 0.0048192093129241 0.0070100779746582 0.0016667007466719 -0.0066630731282728 0.063299794207334 0.30570791023405 9.818441817565 0.0085026173508036 -0.010320559396562 9.8233970689696 -0.00045681352266654 -0.00031560418619966 -0.00044753785332134 -0.00045421828366902 -0.00030105794563168 -0.00045999563100228 0.014866068747319 0.010630145812735 4 11 6 6 6 
48.942311231485 8.4114813256123 138.18081665039 0.032195 -0.005559 -0.6048276732051 -0.0049470070381759 0.0044747000795464 0.0064937988948273 0.001525248803194 -0.006254519836486 0.055773146828067 0.31416215075622 9.7969597800724 0.0010666697864937 -0.0013120717785668 9.8021559773779 4.3350360287931e-05 0.00050573716087746 -0.00037951992196606 4.5395399275062e-05 0.00051769845797147 -0.00036279783357227 0.014866068747319 0.010630145812735 4 11 6 6 6 
48.942311232703 8.4114813264856 138.18064880371 0.032173 -0.005566 -0.6048526732051 -0.0049625945080343 0.0043522434454499 0.0064019898976493 0.0016074434907275 -0.005975331216478 0.061457935867143 0.31111403857937 9.8096769834184 0.0067777007594804 -0.0046380353636841 9.8148003908469 -8.3907686241611e-05 0.00015347459863957 -0.00016967305384937 -8.301634534084e-05 0.00015886103845206 -0.00016513303436085 0.014866068747319 0.010630145812735 4 11 6 6 6 
48.942311231472 8.411481318495 138.18244934082 0.032152 -0.005568 -0.6048956732051 -0.0047899416079587 0.0042098471802502 0.0061867393538625 0.0015461673637058 -0.0059031533606658 0.062596035293878 0.30473523595823 9.8113030443498 0.0079516846558983 -0.011158006854399 9.8162263654387 -0.00066500047484717 4.9136500361766e-05 -0.00013152763324608 -0.00066427413336261 5.3369070500268e-05 -0.000133582676865 0.014866068747319 0.010630145812735 4 11 6 6 6 
48.942311232595 8.4114813185894 138.18267822266 0.032179 -0.00553 -0.6049966732051 -0.0046095247767894 0.004110255004495 0.006002415154169 0.0014535979601166 -0.0056907042623383 0.049816911954937 0.32321526937562 9.7969897960424 -0.0046909044121909 0.0077193056513862 9.8024434837877 -0.00019645182024586 0.00060369479957732 0.00035163085138032 -0.00019848564109738 0.00059208498047382 0.00036974685585719 0.014866068747319 0.010630145812735 4 11 6 6 6 
48.942311234462 8.4114813187562 138.18286132812 0.032141 -0.005567 -0.6050326732051 -0.0042901418023654 0.0042632659308307 0.005946628117707 0.0011038266964403 -0.0059299242246876 0.061283917045761 0.31026899428379 9.806348620903 0.0067637904223699 -0.0052373834474512 9.8114448819166 -0.00036071698259399 -0.00012855529658201 -0.00020045515703308 -0.00035952451575062 -0.00012206347306322 -0.00020646597390154 0.014866068747319 0.010630145812735 4 11 6 6 6 
48.94231123372 8.4114813182671 138.1830291748 0.032165 -0.005527 -0.6050196732051 -0.0042281858374483 0.0043299261860126 0.0059662085789241 0.0010149747908676 -0.0059834000637175 0.047188661364897 0.32708945204136 9.7949964524362 -0.0071405484683037 0.011891245795521 9.8005620364755 -8.3304319673889e-05 0.00033445539991491 -4.0722508940723e-05 -8.3134707504964e-05 0.00033557797264932 -3.0373588242398e-05 0.014866068747319 0.010630145812735 4 11 6 6 6 
48.942311229326 8.4114813194507 138.1828918457 0.032153 -0.005607 -0.6049046732051 -0.0044119560846911 0.0042659319842831 0.0060180684923249 0.0012026487176337 -0.0059568928930174 0.063353443087486 0.3047714578478 9.8195437290395 0.0088729887844071 -0.011214003843744 9.8244689328772 -0.00033119828124478 -0.0010119147556252 0.0015625601839604 -0.00033962306135555 -0.0010616879698617 0.0015273007643913 0.014866068747319 0.010630145812735 4 11 6 6 6 
48.942311225262 8.4114813176392 138.18406677246 0.032138 -0.005495 -0.6050496732051 -0.0041829998537657 0.0044300262730816 0.0060228089837651 0.00092101815725568 -0.0060641504855538 0.048815799607141 0.32894337860761 9.7923036546511 -0.0053315814847979 0.013989918825081 9.7979396986938 -0.00027560433514612 0.00055362797468241 -0.0011232141246401 -0.00026952574113332 0.00058943111292861 -0.001106354646565 0.014866068747319 0.010630145812735 4 11 6 6 6 
48.942311220001 8.4114813238554 138.18409729004 0.032129 -0.005516 -0.6050196732051 -0.0045221516106053 0.004622912797185 0.006374398880169 0.0010900023503328 -0.0058299592279898 0.058540483342783 0.31162856961561 9.8068921913645 0.0044425879448623 -0.0038843308174426 9.8120165510486 -0.0005934613811728 -4.4912571613884e-05 0.00015149346919671 -0.00059433089828691 -4.9729853705813e-05 0.00014665373189306 0.014866068747319 0.010630145812735 4 11 6 6 6 
48.942311210764 8.4114813230206 138.18486022949 0.032173 -0.005538 -0.6051716732051 -0.0046430648319953 0.0046739745513216 0.0064852661934137 0.0011599222553778 -0.0059202790364372 0.05358840424748 0.31581694129939 9.7982148932823 -0.0004184046048685 0.00059355622199281 9.8034515996136 9.3206795016569e-05 -0.00055491054833545 -0.0012324630658828 0.00010009608180991 -0.00051499978886903 -0.0012491518547958 0.014866068747319 0.010630145812735 4 11 6 6 6 
48.94231120773 8.4114813281791 138.18452453613 0.032175 -0.005441 -0.6051136732051 -0.0049116984086702 0.0047421797765476 0.0066942215327564 0.0013418093804051 -0.005845942333688 0.060482296860433 0.30989393974538 9.8104395504605 0.0065720165304733 -0.0057924337894736 9.8155172425087 0.00011789401639325 0.00094623804858188 0.00041805513247954 0.00011548407263045 0.00093230565986335 0.00044894985458839 0.014866068747319 0.010630145812735 4 11 6 6 6 
48.942311198825 8.411481328908 138.18534851074 0.032154 -0.005546 -0.6051176732051 -0.0048916060079562 0.0049643250458053 0.0068654745415478 0.0011990366712175 -0.0059465288011041 0.062265515375473 0.30667064424717 9.8111126892272 0.0083203533081111 -0.009066850416005 9.8160967019322 -0.00039741980547761 -0.00086903134967208 0.0002289699459262 -0.00039842819392259 -0.0008759311468223 0.00019864832647375 0.014866068747319 0.010630145812735 4 11 6 6 6 
48.942311189878 8.4114813296285 138.18635559082 0.032166 -0.005458 -0.6051396732051 -0.0052121024969227 0.0050383691622313 0.0071087304091124 0.0014202301351978 -0.0055360679819459 0.052292825403232 0.31840871454936 9.7954925128331 -0.0013678734399193 0.0032773183493364 9.8008064149665 1.1601693408775e-05 0.00035295020883192 0.0004976423583823 8.8115628089569e-06 0.00033675187071032 0.00050881165734098 0.014866068747319 0.010630145812735 4 10 6 6 6 
48.942311180755 8.4114813308019 138.18717956543 0.032181 -0.005518 -0.6051376732051 -0.005639510561188 0.0049151006602169 0.0072504169616068 0.0018421872224184 -0.0055422660691353 0.058713509243183 0.31012769360589 9.8049012344669 0.0049158941392424 -0.0055184657745416 9.8099794274568 -9.2566233075289e-05 -0.00058079050289792 -0.00025984590105652 -9.1027238084448e-05 -0.00057212675284599 -0.0002788509557757 0.014866068747319 0.010630145812735 4 10 6 6 6 
48.942311165778 8.4114813254345 138.18913269043 0.032206 -0.005432 -0.6050806732051 -0.005858805279619 0.0049953141295704 0.007441095238743 0.001977083933035 -0.004853805291274 0.048923402291446 0.33173993638205 9.7904427281993 -0.004856444648485 0.016410512269531 9.7961711028883 1.6747287858924e-06 0.0010689528689725 0.00026582864967038 5.0555857977961e-08 0.001059859424359 0.00030007093348835 0.014866068747319 0.010630145812735 4 10 6 6 6 
48.942311153984 8.4114813188218 138.19100952148 0.032212 -0.0055 -0.6050876732051 -0.0062223977131753 0.0048916223286332 0.0075626322386092 0.0023351174446897 -0.0043641767388799 0.054569586208107 0.316502556819 9.7966983858954 0.00067830882810608 0.00095896459029132 9.8019636403922 6.3757644344331e-05 4.4181437409393e-05 0.0001264005768039 6.3025373063467e-05 4.0081490306468e-05 0.00012812171566689 0.014866068747319 0.010630145812735 4 10 6 6 6 
48.94231114419900 8.41148131680805 138.19255828857001 0.03220700000000 -0.00550250000000 -0.60506717320510 -0.00678464716998 0.00466191867373 0.00769349181174 0.00292830500750 -0.00366064413530 0.05922227267245 0.31335643674935 9.80631118554265 0.00528522624557 -0.00253059804553 9.81149534712230 -0.00005103375685 -0.00000867916384 0.00027676779559 -0.00005258397480 -0.00001759281470 0.00027606839970 0.01486606874732 0.01063014581273 4.00000000000000 10.00000000000000 -1.00000000000000 -1.00000000000000 -1.00000000000000 
48.942311134414 8.4114813147943 138.19410705566 0.032202 -0.005505 -0.6050466732051 -0.0073468966267767 0.0044322150188299 0.007824351384877 0.0035214925703024 -0.0029571115317207 0.063874959136784 0.3102103166797 9.8159239851899 0.0098921436630311 -0.0060201606813611 9.8210270538524 -0.00016582515803854 -6.1539765081395e-05 0.00042713501437181 -0.00016819332266564 -7.5267119705349e-05 0.00042401508372886 0.014866068747319 0.010630145812735 4 10 6 6 6 
48.942311130162 8.4114813073834 138.19705200195 0.032193 -0.005451 -0.6050946732051 -0.0071939752252515 0.0043860190851554 0.0076994487923223 0.003421835812697 -0.0022930977659599 0.046567291780731 0.33019451425515 9.7906766487482 -0.0071865158512586 0.014741885651632 9.7963415366152 -0.00033942420987951 0.00077127013986979 -5.4642955827451e-05 -0.00033923644583764 0.00077261507827913 -3.1591058942134e-05 0.014866068747319 0.010630145812735 4 10 6 6 6 
48.942311122108 8.4114813074429 138.19850158691 0.032204 -0.005493 -0.6050666732051 -0.0076302590850567 0.0041505423088824 0.0077538949662994 0.0039147150251905 -0.0013233017562734 0.055325886974724 0.31442803940505 9.8037656752961 0.0014595071144851 -0.0014707568107885 9.808962585652 -0.0001720007505559 5.5812240369983e-05 0.00014310987952213 -0.00017276789292296 5.1213056737523e-05 0.0001439486934971 0.014866068747319 0.010630145812735 4 10 6 6 6 
48.942311116476 8.411481302949 138.19927978516 0.032222 -0.005505 -0.6050996732051 -0.0078118703953082 0.0039292688096549 0.0076753403385882 0.004189712626958 -0.0012562563580428 0.053626591234477 0.31192797442808 9.7972753564959 -4.9073880854893e-06 -0.0038968745478311 9.802387202123 -9.8742724223733e-05 -0.00047387495330306 0.00014618028703494 -9.9448162276911e-05 -0.00047833257146408 0.00013029446712678 0.014866068747319 0.010630145812735 4 10 6 6 6 
48.942311112999 8.4114813044253 138.19960021973 0.032221 -0.005433 -0.6051716732051 -0.008054827887108 0.0039054781585961 0.007794089403296 0.0044028674691512 -0.0010068010658232 0.057474337906426 0.31371135502378 9.8086532222322 0.0037168376524513 -0.0023663760282022 9.813838027303 0.00016502204912981 0.00085686721618059 -0.00056064287028606 0.00016799020846183 0.0008744807284274 -0.00053183824864494 0.014866068747319 0.010630145812735 4 10 6 6 6 
48.942311116115 8.4114813129153 138.19906616211 0.032156 -0.005562 -0.6051816732051 -0.0077749593756669 0.0041689318676149 0.0078517779043094 0.0040223900667164 -0.0013846716345175 0.064694643281945 0.30078658196257 9.814838146552 0.01075610922465 -0.015148864131492 9.8196439335948 -0.00026104887893583 -0.0011261621139655 0.00040116051153916 -0.00026299148013903 -0.0011384940732212 0.00036333018651834 0.014866068747319 0.010630145812735 4 10 6 6 6 
48.942311116067 8.4114813144961 138.19918823242 0.032146 -0.005466 -0.6051826732051 -0.0076874402025911 0.0042464957796404 0.0078657784481495 0.003906278065059 -0.0017612621945971 0.047165778459412 0.32172879193569 9.7922204426351 -0.0066094040531906 0.0067970957180659 9.7976150647228 -2.1391041690783e-05 0.00051270779061461 0.00026638962453311 -2.2929378584718e-05 0.0005038773518862 0.00028261852886096 0.014866068747319 0.010630145812735 4 10 6 6 6 
48.942311114671 8.4114813171777 138.19999694824 0.032187 -0.00553 -0.6052936732051 -0.0078121350802445 0.0043443170183028 0.0080173644648529 0.0039527669616205 -0.0015207596982446 0.06298452041057 0.30829057230656 9.8162046780874 0.0088763185038241 -0.0074757176792124 9.8212416061972 0.0005801025096907 -0.00029994872511269 -0.00078275893085005 0.00058441707044531 -0.00027460864409999 -0.00078875095644391 0.014866068747319 0.010630145812735 4 10 6 6 6 
48.942311115959 8.4114813254812 138.1994934082 0.032122 -0.005542 -0.6052406732051 -0.0073152165850266 0.0044713904452073 0.0078391783368015 0.0034717323117968 -0.0017094985224505 0.049566957189841 0.32534073579704 9.7934670691352 -0.0043818902692706 0.010442460123939 9.7989891823423 -0.00024183963741436 -0.00057302383614855 0.00030063696463779 -0.00024346312359749 -0.00058238198566941 0.00028075771723021 0.014866068747319 0.010630145812735 4 10 6 6 6 
48.942311119982 8.4114813354666 138.19868469238 0.032124 -0.005539 -0.6052466732051 -0.007249557549318 0.0047204104653609 0.0080066181020439 0.00327603827726 -0.0020704223066705 0.064244276259044 0.30402643142757 9.8185598154777 0.010195664700793 -0.01136713524291 9.823465880762 0.00033479821444164 -0.00057846219150929 0.00022961931421871 0.0003336172445048 -0.000585615476573 0.00021284901862406 0.014866068747319 0.010630145812735 4 10 6 6 6 
48.94231112443 8.4114813410141 138.19831848145 0.032099 -0.005506 -0.6053086732051 -0.006936196896897 0.0048848502043197 0.0079637120395486 0.0029243583206352 -0.0024739606200561 0.047762713235398 0.32610119723577 9.7945807341381 -0.0061140827033556 0.011569470161548 9.8001170051632 2.8705409465919e-05 -4.7594590429572e-05 0.00012439751848696 2.8054067951864e-05 -5.1578202931145e-05 0.00012302151665665 0.014866068747319 0.010630145812735 4 10 6 6 6 
48.942311125152 8.4114813439444 138.19869995117 0.032129 -0.005473 -0.6052486732051 -0.0068363419105834 0.0049760418822054 0.0079818057352097 0.0027905793642131 -0.0023332275960901 0.055593899193131 0.32084288434841 9.8066049739014 0.0016224894996298 0.005948893288885 9.8120091710145 0.000552904509857 0.00061502227271983 0.00056445804455486 0.00054967240993347 0.00059658614030134 0.00058698077498557 0.014866068747319 0.010630145812735 4 10 6 6 6 
48.942311126062 8.4114813452215 138.19950866699 0.03207 -0.005532 -0.6052596732051 -0.006313885881778 0.0050754730477933 0.0077662847393763 0.0023044354589287 -0.0022740770366728 0.055510893288916 0.31487718251206 9.8005355679102 0.0014972447692595 0.00030863136370387 9.8057513273723 -0.00029370913162982 -0.0003193338401585 0.00026027117748481 -0.00029508844757934 -0.00032752855477566 0.00024834175018285 0.0162788205961 0.011313708498985 4 10 6 6 6 
48.942311128643 8.4114813450401 138.1996307373 0.032083 -0.005551 -0.6053246732051 -0.0065017199439667 0.0050936708032004 0.007888223249405 0.0024482238488916 -0.0020342385225468 0.062218488352844 0.30941714951757 9.811870487438 0.0080684528620123 -0.0054858216177362 9.8169420837598 -1.0306255195572e-06 -0.00048839750111587 -0.00016518370443394 -4.5387761319531e-08 -0.00048284997296468 -0.00018074961298546 0.0162788205961 0.011313708498985 4 10 6 6 6 
48.942311133624 8.4114813465524 138.20036315918 0.032105 -0.005572 -0.6053936732051 -0.0061504011753861 0.0050513566943064 0.0076536398702216 0.0021829774033615 -0.0020653353517319 0.061505269475457 0.30532364057328 9.8109380805354 0.0070245156998347 -0.0096061924688894 9.8158745244412 0.00029689536755624 -0.00029142312912312 -0.00035600666261213 0.0002989053613004 -0.00027983699427151 -0.0003634776693893 0.0162788205961 0.011313708498985 4 10 6 6 6 
48.942311135226 8.4114813523961 138.20027160645 0.032124 -0.005526 -0.6053516732051 -0.0057470298561272 0.0052146242093824 0.0075583558432553 0.0017583871535713 -0.001919524237755 0.052706275075833 0.3247957922387 9.7978771887694 -0.0017439538064313 0.010113592059618 9.8033971722025 0.00035118856639805 0.00055864341974847 0.00026681589317561 0.00034962652389445 0.00054979554214371 0.00028658526747663 0.0162788205961 0.011313708498985 4 10 6 6 6 
48.942311138926 8.4114813585769 138.20048522949 0.032045 -0.005614 -0.6053636732051 -0.005082511169818 0.0056021005993205 0.007498834424066 0.00099137388248442 -0.0020937393321497 0.058898935278339 0.31215253849285 9.8048149141113 0.0042027577179777 -0.0026663924167795 9.8099600334838 -0.00089336409859927 -0.00060185404267505 0.0002500548539333 -0.00089465304699772 -0.00060956404308447 0.00022565504312383 0.0162788205961 0.011313708498985 4 10 6 6 6 
48.94231114521 8.4114813583325 138.20164489746 0.032077 -0.005573 -0.6053746732051 -0.004753629644436 0.0056541508739577 0.007354480519086 0.00069137537737925 -0.0016415912892438 0.04610181892275 0.32177162605322 9.7901509963586 -0.0086576237553158 0.0076979939486469 9.7955405338475 0.00012733252924573 0.00043600751317656 -0.00012825603427645 0.00012797768424935 0.00043990708563007 -0.00011353078570778 0.0162788205961 0.011313708498985 4 10 6 6 6 
48.942311147482 8.4114813577214 138.20265197754 0.032024 -0.005731 -0.6054536732051 -0.004719634840669 0.005225318988111 0.0069825268034521 0.0009073693103053 -0.0013870524160013 0.061644294095297 0.30422834584749 9.8129131543681 0.0062029608099593 -0.010406715421971 9.8178162927102 -0.00054547283037027 -0.0014158300312578 -0.0012950657155264 -0.00053779168092483 -0.0013736258184672 -0.0013428202005111 0.0162788205961 0.011313708498985 4 10 6 6 6 
48.942311152922 8.4114813604331 138.20356750488 0.032075 -0.005639 -0.6054886732051 -0.0042458032439996 0.005255608177674 0.0067378047265842 0.00050012374288465 -0.0010620686046087 0.051457019601551 0.32687959087586 9.7928083564867 -0.0039319045262733 0.012678258347241 9.798389652316 2.7099256043545e-05 0.00029223035851249 -0.00094779457904381 3.2418749045908e-05 0.00032246924420207 -0.00093775663652826 0.0162788205961 0.011313708498985 4 10 6 6 6 
48.942311155439 8.4114813644432 138.20404052734 0.032066 -0.005691 -0.6055166732051 -0.0039214999147095 0.0054435388237278 0.0067077787969528 0.00012602412066939 -0.00083432983878947 0.064249789453218 0.30858965328859 9.8166363725868 0.008687796119473 -0.0064049796998016 9.8216912716088 -0.0002129015849624 -0.00054112350859592 -0.0001666327089019 -0.00021182423942191 -0.00053556280014867 -0.00018502017336086 0.0162788205961 0.011313708498985 4 10 6 6 6 
48.942311159768 8.411481368121 138.20547485352 0.032074 -0.005667 -0.6054666732051 -0.0035124789707608 0.0052654323483503 0.0063285418668637 -0.00010868697867169 -0.00091570059963343 0.055169395446773 0.31099102054015 9.8032484768083 -0.00031112796395217 -0.0034041037757756 9.8083363197693 0.00023135785716619 -0.00010904213866126 7.0639838660754e-05 0.00023098745459817 -0.00011126246855948 6.8402080780132e-05 0.0162788205961 0.011313708498985 4 10 6 6 6 
48.942311162464 8.4114813670419 138.20652770996 0.032107 -0.005631 -0.6054716732051 -0.0035311382910039 0.0052408540170319 0.0063189568385328 -7.9302351941154e-05 -0.0002429847964509 0.062817634701621 0.31480189054784 9.8088390420382 0.0070983569181828 0.00010859800344716 9.8140896623914 0.00058708613415325 0.00091703217143659 -0.00023264774423867 0.00058823088988227 0.00092401696066721 -0.00019974159115109 0.0162788205961 0.010630145812735 4 10 6 6 6 
48.942311171517 8.4114813722185 138.20645141602 0.03199 -0.00569 -0.6054936732051 -0.0028402203478724 0.0053629904125572 0.0060261436476095 -0.00071699143035721 -0.00049202725605834 0.051018208946464 0.32489447041873 9.7929192070067 -0.0045136308215752 0.010919695938841 9.7984342758239 -0.00097775252985154 -0.00030345308626597 -7.8572042542257e-05 -0.00097719675893028 -0.00030080567706705 -9.378189565068e-05 0.0162788205961 0.010630145812735 4 10 6 6 6 
48.942311173906 8.4114813824356 138.2057800293 0.032032 -0.00567 -0.6055376732051 -0.0026050847241518 0.0055366835095899 0.0060350921283099 -0.0010094537111191 -0.00054282991597258 0.064057729288258 0.30764040054448 9.8186284965207 0.0083684555404196 -0.0069578783312117 9.8236514294952 6.3717891678835e-05 -5.5716910072926e-06 -7.3901726187335e-05 6.4161009495564e-05 -3.183657674045e-06 -7.3657713082466e-05 0.0162788205961 0.010630145812735 4 10 6 6 6 
48.942311176844 8.4114813867361 138.20603942871 0.031998 -0.005704 -0.6056126732051 -0.0023250986880657 0.0053575204802251 0.0057283729619988 -0.001137942871332 -0.00084938570683716 0.060175043120314 0.30103879461646 9.8034404676816 0.0044222194964203 -0.012882958435471 9.8082380049083 -0.00027106884282872 -0.00031636361772997 -0.00057610932925384 -0.00026771014114752 -0.00029782130704091 -0.00058739099979158 0.0162788205961 0.010630145812735 4 10 6 6 6 
48.942311180594 8.4114813898528 138.20683288574 0.032028 -0.005688 -0.6055846732051 -0.002155228899532 0.0054459945706723 0.0057043816959946 -0.0013281304436025 -0.00082459363940424 0.054108379810029 0.32270561245589 9.8026334302705 -0.0017968312808671 0.0086102179651768 9.8080907195946 -7.9398780359285e-05 0.00030691763643073 0.0002863329670763 -8.1000912116948e-05 0.00029757422865154 0.00029555616550121 0.0162788205961 0.010630145812735 4 10 6 6 6 
48.942311181859 8.4114813886065 138.20816040039 0.031988 -0.00577 -0.6056416732051 -0.0015929773387456 0.0055361133152254 0.0054583570228009 -0.0018418547894446 -0.00024930449879356 0.05805851448617 0.31148724834106 9.8030447134137 0.0019774904660679 -0.0025342559922287 9.8081661007886 -0.00067347075554046 -0.00084013356431239 -0.00021575937352979 -0.00067201444456776 -0.00083282100466643 -0.00024635214985926 0.0162788205961 0.010630145812735 4 10 6 6 6 
48.942311190333 8.4114814000832 138.20742797852 0.032017 -0.005668 -0.6056356732051 -0.0012951475864682 0.005482842290511 0.0052449447144772 -0.0020565846136467 -0.00058395536878858 0.044690703084625 0.32316981985477 9.7913368765811 -0.010993955661203 0.0095924425941438 9.796761333474 9.2517279282371e-05 0.00034136750209062 0.00063328031718527 8.8879991235445e-05 0.00032092225296399 0.00064437389898045 0.0162788205961 0.010630145812735 4 10 6 6 6 
48.942311194821 8.4114814112348 138.20751953125 0.031984 -0.005747 -0.6057356732051 -0.0011172852073945 0.0054994943417754 0.0051572399393696 -0.0022125864824907 -0.00052641621245528 0.063988658835319 0.30340667022895 9.8200996999022 0.0079905952321636 -0.010961155557152 9.8249871202836 -0.00029020533493123 -0.00083768425847902 -0.00012261479830414 -0.00028934537679051 -0.0008332773591762 -0.00015098628431066 0.0162788205961 0.010630145812735 4 10 6 6 6 
48.942311197989 8.4114814303856 138.2066192627 0.031997 -0.005679 -0.6057546732051 -0.00059906738789118 0.005935804061128 0.0052207478974052 -0.0028872775676109 -0.00086256938654886 0.054545120391797 0.31989256404094 9.7950835649068 -0.0010777672965163 0.0062638568335526 9.8004580025255 -0.00015351563558071 -9.3118192778252e-05 0.00036023902977455 -0.00015555778175894 -0.00010458934543625 0.00035620619878156 0.0162788205961 0.010630145812735 4 10 6 6 6 
48.942311200155 8.4114814459872 138.20596313477 0.031971 -0.005675 -0.6057496732051 -0.0004941730763534 0.0063353929256442 0.0054895407002039 -0.003200991192439 -0.0012078569663417 0.063181475559569 0.31125758971159 9.8104854991622 0.0074028748403623 -0.0025577534160046 9.81562395466 -8.5424757372576e-05 0.00011608673275792 0.00026670739402637 -8.6969512956182e-05 0.0001075080253679 0.00026979399833004 0.016970562748477 0.010630145812735 4 10 6 6 6 
