1043
496
0
1032
517
20
1012
531
40
981
523
60
982
532
80
973
536
100
973
536
120
973
536
140
973
536
160
973
537
180
973
538
200
973
538
220
973
539
240
973
539
260
973
539
280
973
539
300
973
539
320
973
539
340
973
539
360
973
539
380
973
539
400
973
539
420
981
533
440
973
539
460
973
539
480
971
518
640
980
516
660
998
510
680
1021
507
700
1033
507
720
1047
505
740
1050
504
760
1040
499
780
1048
503
820
1053
508
840
1058
505
860
1058
505
880
1062
507
900
1077
508
920
1094
499
940
1119
498
960
1136
488
980
1160
476
1000
1182
467
1020
1203
449
1040
1230
441
1060
1260
434
1080
1289
421
1100
1317
412
1120
1343
405
1140
1377
402
1160
1402
397
1180
1431
388
1200
1458
385
1220
1480
376
1240
1505
371
1260
1526
371
1280
1550
360
1300
1573
359
1320
1604
364
1340
