1606
334
80
1584
345
100
1566
350
120
1532
355
140
1498
362
160
1480
373
180
1452
379
200
1414
390
220
1382
394
240
1342
403
260
1300
400
280
1263
405
300
1222
412
320
1181
412
340
1145
416
360
1101
425
380
1065
430
400
1021
430
420
975
437
440
942
440
460
897
446
480
852
448
500
805
452
520
759
450
540
720
455
560
673
460
580
635
462
600
586
469
620
540
471
640
494
477
660
449
481
680
402
483
700
356
488
720
313
498
740
266
501
760
213
498
780
164
499
800
122
498
820
73
503
840
26
498
860
