484
324
0
486
325
20
481
328
680
484
328
700
484
327
720
479
326
740
478
332
760
470
327
780
468
330
800
471
331
820
469
333
1120
465
335
1140
450
331
1160
435
330
1180
426
329
1200
428
333
1220
420
330
1780
410
326
1800
397
328
1820
393
328
1840
392
332
2560
371
330
2580
366
330
2600
349
329
3340
349
329
3360
359
330
3380
358
326
3400
360
337
3420
372
348
3440
390
362
3460
408
375
3480
420
385
3500
435
406
3520
454
415
3540
463
433
3560
475
446
3580
491
455
3600
503
471
3620
518
486
3640
535
506
3660
550
523
3680
564
541
3700
574
557
3720
592
579
3740
610
599
3760
632
615
3780
660
635
3800
686
653
3820
721
668
3840
751
688
3860
789
706
3880
824
721
3900
860
741
3920
888
763
3940
916
782
3960
952
802
3980
984
821
4000
1020
843
4020
1069
841
4040
1124
847
4060
1184
848
4080
1238
854
4100
1287
854
4120
1330
849
4140
1372
842
4160
1423
849
4180
1501
859
4200
1566
854
4220
1639
861
4240
1700
855
4260
1769
849
4280
1815
855
4300
1878
849
4320
