481
301
0
482
302
20
482
302
40
482
303
60
482
303
80
481
305
100
483
306
120
483
307
140
483
307
160
483
307
180
480
308
200
483
307
220
486
307
240
487
307
260
485
306
280
486
306
300
469
305
320
480
307
340
480
307
360
480
307
380
481
307
400
481
307
420
484
308
440
480
305
460
478
303
540
465
305
560
450
307
580
433
307
600
422
307
620
422
304
640
423
306
920
414
309
940
404
305
960
392
305
980
403
304
1000
396
301
1400
391
305
1540
391
305
1560
363
305
1580
367
306
2280
367
304
2440
371
304
2460
377
306
2480
381
301
2500
387
293
2520
383
288
2540
408
287
2560
433
282
2580
461
285
2600
499
285
2620
511
288
2640
515
292
2660
515
292
2680
512
287
3020
512
288
3040
522
287
3060
534
287
3080
544
297
3100
562
303
3120
574
313
3140
580
322
3160
594
334
3180
610
350
3200
620
360
3220
632
375
3240
645
393
3260
660
404
3280
689
411
3300
712
421
3320
734
435
3340
751
447
3360
771
456
3380
789
473
3400
805
486
3420
814
502
3440
822
513
3460
828
511
3880
835
503
3900
858
504
3920
782
548
6660
765
557
6680
751
569
6700
749
575
6720
759
577
6740
765
576
6840
762
575
6860
762
580
6920
765
591
6940
756
606
6960
755
625
6980
766
645
7000
774
662
7020
782
689
7040
778
709
7060
775
736
7080
785
756
7100
790
789
7120
797
817
7140
794
848
7160
791
887
7180
807
917
7200
839
944
7220
876
968
7240
897
1000
7260
938
1030
7280
984
1056
7300
