493
106
1900
500
139
1920
500
153
1940
504
168
1960
510
180
1980
516
195
2000
521
207
2020
526
222
2040
531
237
2060
537
254
2080
546
267
2100
554
283
2120
562
300
2140
566
315
2160
569
336
2180
565
353
2200
558
372
2220
555
392
2240
542
414
2260
530
434
2280
521
457
2300
507
480
2320
490
504
2340
477
528
2360
469
555
2380
441
551
2400
425
572
2420
404
600
2440
385
635
2460
369
666
2480
348
702
2500
323
733
2520
292
768
2540
274
807
2560
245
851
2580
230
891
2600
205
936
2620
183
980
2640
162
1029
2660
