1359
1044
960
1327
1012
980
1299
980
1000
1275
948
1020
1246
919
1040
1220
894
1060
1196
866
1080
1167
842
1100
1147
820
1120
1120
801
1140
1097
789
1160
1087
775
1180
1073
761
1200
1076
746
1220
1065
729
1240
1068
713
1260
1059
697
1280
1059
684
1300
1047
676
1320
1046
671
1340
1036
669
2100
1030
669
2120
1018
666
2140
1005
670
2160
995
664
2180
991
666
2200
992
666
2220
990
665
2240
991
660
3480
993
656
3580
980
656
3600
979
653
3620
971
647
3640
958
641
3660
942
639
3680
952
637
3700
949
633
5140
944
644
5160
938
658
5180
930
657
5200
919
653
5220
906
649
5240
897
645
5260
895
644
5280
904
635
5300
898
644
8000
903
646
8020
907
653
8040
924
659
8060
938
660
8080
966
662
8100
981
666
8120
980
652
8140
990
654
8160
1012
651
8180
1011
658
8200
1013
665
8220
992
673
8240
981
678
8260
960
681
8280
960
685
8300
963
685
8320
957
680
8340
954
680
8360
959
683
8380
959
683
8400
970
698
8420
966
699
8440
967
705
8460
962
707
8480
963
713
8820
958
712
8840
961
712
8860
968
715
8880
968
712
8900
956
709
8920
959
723
8940
961
718
8960
965
714
9000
962
717
9060
950
722
9080
948
727
9100
951
730
9120
950
725
9140
950
728
9160
949
729
9180
950
729
9200
945
727
9220
939
726
9240
939
730
9260
949
730
9280
954
733
9300
969
747
9320
989
754
9340
992
769
9360
1002
777
9380
1007
774
9400
1012
783
9420
1019
786
9440
1019
785
9460
1018
788
9480
1017
790
9500
1013
787
9520
1008
783
9540
1014
787
9560
1016
787
9580
1020
788
9600
1016
786
9620
1014
794
9660
1011
781
9820
1018
793
9840
1011
807
9860
1017
819
9880
1021
828
9900
1016
831
9920
1010
836
9940
1021
832
10080
1013
832
10100
1007
828
10120
1011
827
10160
1011
826
10180
1010
824
10200
1012
824
10220
1010
824
10240
1010
826
10260
1009
823
10280
1009
826
10300
1009
828
10320
1012
823
10340
1015
821
10360
1002
814
10380
1002
813
10400
1004
814
10420
1000
812
10440
1000
816
10460
1008
808
11060
1012
810
11140
1007
802
11160
1009
805
11180
1013
816
11200
1032
825
11220
1064
862
11240
1109
886
11260
1153
918
11280
1202
949
11300
1246
981
11320
1302
1011
11340
1343
1042
11360
