646
999
1660
682
992
1680
732
970
1700
767
957
1720
804
916
1740
835
878
1760
872
843
1780
910
806
1800
942
774
1820
975
746
1840
1005
715
1860
1024
667
1880
1043
626
1900
1063
596
1920
1074
576
1940
1082
538
1960
1089
513
1980
1096
478
2000
1103
462
2020
1115
438
2040
1126
404
2060
1138
383
2080
1148
359
2100
1161
340
2120
1172
320
2140
1186
280
2160
1199
266
2180
1211
253
2200
1228
234
2220
1237
215
2240
1245
202
2260
1250
189
2280
1254
175
2300
1269
163
2320
1277
150
2340
1290
141
2360
1305
126
2380
1308
118
2400
1314
106
2420
1322
91
2440
1331
83
2460
1343
77
2480
