553
98
1360
564
106
1380
565
120
1400
571
130
1420
560
150
1440
561
163
1460
559
174
1480
563
193
1500
568
206
1520
586
220
1540
596
233
1560
620
250
1580
640
262
1600
659
276
1620
675
290
1640
702
308
1660
723
324
1680
749
341
1700
780
358
1720
801
372
1740
826
391
1760
853
408
1780
890
431
1800
916
449
1820
943
473
1840
966
490
1860
994
510
1880
1015
540
1900
1030
570
1920
1051
595
1940
1071
620
1960
1093
656
1980
1109
684
2000
1123
719
2020
1148
754
2040
1158
787
2060
1178
829
2080
1185
868
2100
1211
915
2120
1243
960
2140
1268
1006
2160
1304
1058
2180
