562
90
2020
561
99
2040
565
114
2060
569
127
2080
582
144
2100
583
155
2120
587
172
2140
596
186
2160
613
195
2180
625
215
2200
642
228
2220
662
242
2240
677
257
2260
701
271
2280
727
281
2300
753
304
2320
782
318
2340
806
338
2360
823
358
2380
855
378
2400
880
398
2420
910
419
2440
933
442
2460
963
463
2480
995
489
2500
1022
508
2520
1055
540
2540
1093
563
2560
1135
593
2580
1180
615
2600
1227
647
2620
1284
678
2640
1334
706
2660
1388
730
2680
1451
755
2700
1506
795
2720
1576
828
2740
1642
858
2760
1708
885
2780
1786
919
2800
1861
947
2820
