1207
89
460
1218
103
480
1225
117
500
1232
136
520
1234
149
540
1246
165
560
1257
181
580
1271
200
600
1272
211
620
1283
242
640
1290
252
660
1290
282
680
1296
301
700
1300
323
720
1307
350
740
1309
372
760
1324
402
780
1335
433
800
1340
453
820
1353
487
840
1370
520
860
1392
559
880
1412
592
900
1423
628
920
1437
675
940
1445
713
960
1453
759
980
1457
802
1000
1464
856
1020
1472
906
1040
1488
965
1060
1507
1032
1080
