258
498
500
301
479
520
341
467
540
382
454
560
425
438
580
462
425
600
499
411
620
538
397
640
576
384
660
605
368
680
635
359
700
656
336
720
668
320
740
678
302
760
676
284
780
668
270
800
664
260
820
653
245
840
643
227
860
635
213
880
622
202
900
615
192
920
600
181
940
593
167
960
577
158
980
552
153
1000
535
140
1020
512
131
1040
508
124
1060
495
114
1080
491
105
1100
487
91
1120
485
85
1140
486
72
1160
478
65
1180
