269
510
2980
299
532
3000
342
518
3020
382
504
3040
423
485
3060
463
472
3080
500
455
3100
534
440
3120
567
426
3140
602
411
3160
633
399
3180
660
381
3200
685
368
3220
715
355
3240
742
342
3260
767
327
3280
782
311
3300
797
298
3320
817
282
3340
841
273
3360
863
261
3380
880
248
3400
896
236
3420
911
225
3440
924
214
3460
943
181
3480
948
180
3500
950
183
3520
957
183
3540
962
184
3560
964
189
3580
967
189
3600
976
187
3620
