595
107
5380
595
120
5400
596
135
5420
597
152
5440
596
160
5460
598
181
5480
609
191
5500
631
200
5520
661
204
5540
690
217
5560
719
230
5580
754
238
5600
787
249
5620
819
256
5640
853
267
5660
884
282
5680
918
292
5700
952
305
5720
992
317
5740
1026
329
5760
1068
343
5780
1104
357
5800
1145
366
5820
1186
381
5840
1232
395
5860
1269
407
5880
1316
422
5900
1357
441
5920
1399
457
5940
1439
469
5960
1481
481
5980
1530
502
6000
1566
519
6020
1615
535
6040
1658
548
6060
1695
560
6080
1739
568
6100
1775
565
6120
