582
72
4920
582
81
4940
588
94
4960
588
105
4980
588
116
5000
588
131
5020
591
145
5040
595
158
5060
600
173
5080
612
191
5100
623
200
5120
649
218
5140
679
224
5160
709
244
5180
739
251
5200
763
267
5220
799
281
5240
836
296
5260
866
309
5280
902
323
5300
945
339
5320
981
355
5340
1020
368
5360
1067
389
5380
1107
405
5400
1152
420
5420
1195
433
5440
1240
447
5460
1283
468
5480
1329
480
5500
1377
505
5520
1427
514
5540
1481
535
5560
1528
550
5580
1590
565
5600
1644
581
5620
1696
592
5640
1745
606
5660
1788
607
5680
