596
89
5400
597
101
5420
598
114
5440
601
123
5460
599
141
5480
599
152
5500
600
156
5520
607
173
5540
612
183
5560
627
196
5580
650
207
5600
672
214
5620
685
222
5640
715
240
5660
742
249
5680
765
258
5700
792
268
5720
815
278
5740
852
298
5760
877
308
5780
912
322
5800
940
334
5820
969
349
5840
1002
358
5860
1037
374
5880
1072
393
5900
1100
413
5920
1135
424
5940
1167
441
5960
1200
447
5980
1240
466
6000
1283
483
6020
1321
494
6040
1361
508
6060
1407
525
6080
1453
539
6100
1491
557
6120
1522
574
6140
1568
589
6160
1615
602
6180
1659
610
6200
1703
616
6220
1748
622
6240
1793
617
6260
