576
78
5460
560
91
5480
564
100
5500
568
98
5520
577
107
5540
576
108
5560
592
128
5580
597
140
5600
601
152
5620
604
163
5640
609
179
5660
620
191
5680
637
204
5700
655
213
5720
674
226
5740
695
237
5760
718
247
5780
741
257
5800
764
269
5820
789
284
5840
819
294
5860
854
306
5880
890
321
5900
925
337
5920
960
347
5940
1003
349
5960
1040
365
5980
1085
380
6000
1125
390
6020
1164
411
6040
1196
425
6060
1237
438
6080
1291
448
6100
1337
464
6120
1382
477
6140
1434
487
6160
1486
502
6180
1535
521
6200
1583
523
6220
1636
537
6240
1683
543
6260
1718
551
6280
1753
557
6300
1783
558
6320
