461
88
4920
465
100
4940
464
115
4960
467
130
4980
474
142
5000
476
144
5020
476
173
5040
471
183
5060
472
199
5080
483
217
5100
486
232
5120
486
249
5140
490
267
5160
497
286
5180
493
303
5200
486
329
5220
478
345
5240
469
376
5260
456
389
5280
445
420
5300
435
440
5320
424
467
5340
412
486
5360
408
531
5380
422
547
5400
435
584
5420
456
609
5440
481
642
5460
511
673
5480
534
702
5500
567
732
5520
599
774
5540
636
804
5560
666
836
5580
704
877
5600
752
913
5620
804
957
5640
855
994
5660
915
1035
5680
975
1068
5700
