335
1039
6480
366
950
6500
387
873
6520
404
812
6540
428
741
6560
451
694
6580
460
640
6600
469
604
6620
496
562
6640
517
532
6660
532
497
6680
549
468
6700
572
445
6720
578
413
6740
584
389
6760
589
364
6780
608
347
6800
651
333
6820
703
323
6840
757
316
6860
789
310
6880
844
299
6900
894
295
6920
941
282
6940
980
275
6960
1023
265
6980
1063
254
7000
1102
242
7020
1138
232
7040
1174
220
7060
1210
209
7080
1231
198
7100
1262
185
7120
1275
177
7140
1295
162
7160
1318
148
7180
1325
134
7200
1338
123
7220
1341
113
7240
1354
99
7260
1356
88
7280
