401
1025
6820
426
1008
6840
431
974
6860
438
944
6880
444
915
6900
451
881
6920
466
852
6940
476
824
6960
484
791
6980
493
765
7000
499
744
7020
503
724
7040
516
713
7060
530
695
7080
541
673
7100
544
652
7120
546
629
7140
551
607
7160
555
588
7180
563
566
7200
577
549
7220
589
534
7240
603
515
7260
614
499
7280
622
483
7300
614
450
7320
628
431
7340
630
417
7360
636
398
7380
644
387
7400
646
369
7420
657
357
7440
664
344
7460
670
330
7480
685
318
7500
689
307
7520
696
295
7540
701
280
7560
704
268
7580
706
257
7600
712
247
7620
716
230
7640
721
226
7660
734
211
7680
734
203
7700
740
192
7720
751
182
7740
752
169
7760
761
149
7780
757
136
7800
759
124
7820
759
111
7840
755
93
7860
758
81
7880
773
71
7900
779
65
7920
791
56
7940
803
55
7960
808
53
7980
820
50
8000
