1598
368
6960
1550
365
6980
1500
356
7000
1448
345
7020
1388
311
7040
1337
302
7060
1288
289
7080
1236
272
7100
1189
264
7120
1146
253
7140
1092
243
7160
1048
237
7180
1002
228
7200
965
218
7220
923
214
7240
880
210
7260
836
205
7280
792
201
7300
747
200
7320
708
193
7340
660
187
7360
624
182
7380
602
170
7400
588
154
7420
580
141
7440
569
126
7460
559
114
7480
545
101
7500
534
88
7520
528
74
7540
521
64
7560
