1355
81
7640
1353
85
7660
1353
94
7680
1353
102
7700
1358
118
7720
1359
124
7740
1360
133
7760
1370
142
7780
1374
152
7800
1374
166
7820
1379
180
7840
1382
191
7860
1386
198
7880
1396
211
7900
1402
221
7920
1412
237
7940
1419
247
7960
1422
264
7980
1424
273
8000
1431
289
8020
1437
301
8040
1449
318
8060
1454
329
8080
1468
348
8100
1478
364
8120
1496
380
8140
1514
394
8160
1532
415
8180
1551
430
8200
1564
441
8220
1579
451
8240
1588
466
8260
1598
467
8280
1594
470
8300
1586
477
8460
1578
485
8480
1573
489
8500
1567
502
8520
1559
517
8540
1542
534
8560
1526
552
8580
1498
570
8600
1472
588
8620
1446
609
8640
1425
626
8660
1401
644
8680
1385
664
8700
1352
683
8720
1313
698
8740
1267
710
8760
1228
728
8780
1193
750
8800
1167
766
8820
1131
785
8840
1088
808
8860
1046
834
8880
1001
851
8900
952
871
8920
910
898
8940
876
936
8960
835
970
8980
788
997
9000
742
1036
9020
