1579
388
7620
1541
379
7640
1489
371
7660
1431
369
7680
1371
358
7700
1319
353
7720
1266
343
7740
1216
334
7760
1163
325
7780
1124
316
7800
1079
300
7820
1037
293
7840
997
282
7860
954
273
7880
903
263
7900
854
261
7920
807
248
7940
761
243
7960
724
237
7980
688
227
8000
659
216
8020
627
202
8040
596
192
8060
579
176
8080
562
157
8100
551
152
8120
534
134
8140
527
125
8160
527
109
8180
529
98
8200
530
80
8220
533
70
8240
538
58
8260
