471
105
7860
480
139
7880
485
147
7900
489
157
7920
492
166
7940
494
173
7960
496
180
7980
495
191
8000
496
201
8020
503
208
8040
513
217
8060
528
227
8080
543
236
8100
558
248
8120
571
259
8140
586
269
8160
605
280
8180
624
290
8200
643
302
8220
665
313
8240
682
323
8260
698
337
8280
716
351
8300
738
369
8320
758
383
8340
777
365
8360
803
374
8380
831
390
8400
851
408
8420
871
419
8440
899
439
8460
917
455
8480
947
471
8500
973
486
8520
992
502
8540
1021
520
8560
1042
537
8580
1052
555
8600
1057
558
8620
1053
573
8640
1056
583
8660
1055
586
8680
1060
584
8700
1065
589
8720
1070
587
8740
1070
579
8780
1063
566
8800
1067
557
8820
1069
545
8840
1060
527
8860
1044
516
8880
1035
509
8900
1029
503
8920
1014
504
8940
1008
500
8960
994
493
8980
990
491
9000
987
497
9140
994
502
9160
1008
501
9180
1016
496
9200
1020
506
9220
1027
501
9480
1027
506
9500
1029
509
9520
1033
510
9540
1038
507
9560
1034
508
10400
1023
509
10420
1023
514
10440
1027
509
10600
1018
513
10680
1012
519
10700
1015
518
10720
1019
514
10740
1026
513
10760
1023
519
11080
1010
519
11100
998
522
11120
990
523
11140
981
522
11160
985
519
13540
991
515
13560
995
514
13660
994
507
13680
996
507
13700
1000
502
13720
1005
503
13740
991
496
16700
994
496
16720
966
500
19040
961
492
19060
948
480
19080
937
477
19100
927
479
19120
900
474
19140
910
476
19660
923
473
19680
929
473
19700
921
476
19720
911
472
19740
907
477
19760
907
473
19960
907
473
19980
920
476
20120
925
472
20140
932
469
20160
955
462
20180
957
465
20200
948
467
20240
933
464
20260
924
466
20280
913
469
20300
917
473
20320
923
477
20340
946
481
20360
971
491
20380
1008
498
20400
1036
509
20420
1066
513
20440
1075
525
20460
1083
523
20480
1076
514
20500
1046
508
20520
1022
503
20540
999
497
20560
978
492
20580
958
490
20600
939
482
20620
915
485
20640
906
474
23880
926
470
23900
939
469
23920
958
469
23940
988
463
23960
1009
462
23980
1036
463
24000
1070
456
24020
1100
454
24040
1132
452
24060
1162
445
24080
1191
443
24100
1225
434
24120
1250
426
24140
1271
422
24160
1297
413
24180
1325
405
24200
1350
401
24220
1378
392
24240
1408
382
24260
1430
370
24280
1451
360
24300
1480
360
24320
1507
350
24340
1532
347
24360
1552
339
24380
1577
325
24400
1593
320
24420
1618
314
24440
