1358
86
7780
1368
106
7800
1361
107
7820
1354
118
7840
1350
129
7860
1346
153
7880
1346
163
7900
1342
175
7920
1345
185
7940
1343
199
7960
1347
212
7980
1343
224
8000
1336
237
8020
1338
254
8040
1328
267
8060
1328
281
8080
1314
296
8100
1308
310
8120
1297
327
8140
1285
343
8160
1273
359
8180
1271
378
8200
1249
393
8220
1242
410
8240
1237
435
8260
1234
430
8280
1230
452
8300
1219
471
8320
1209
490
8340
1201
515
8360
1200
533
8380
1182
565
8400
1154
577
8420
1138
608
8440
1112
624
8460
1088
648
8480
1061
684
8500
1036
703
8520
1009
727
8540
969
749
8560
928
774
8580
896
802
8600
863
829
8620
821
860
8640
780
882
8660
742
916
8680
696
941
8700
651
966
8720
609
999
8740
552
1026
8760
504
1060
8780
