1337
80
7380
1335
87
7400
1329
100
7420
1322
111
7440
1311
118
7460
1306
129
7480
1301
142
7500
1292
148
7520
1278
163
7540
1275
174
7560
1269
184
7580
1267
198
7600
1250
208
7620
1238
221
7640
1223
234
7660
1206
245
7680
1185
260
7700
1167
273
7720
1142
287
7740
1127
296
7760
1106
313
7780
1084
328
7800
1063
341
7820
1039
354
7840
1014
367
7860
988
388
7880
966
399
7900
931
422
7920
902
433
7940
863
451
7960
830
468
7980
803
483
8000
780
506
8020
749
524
8040
721
546
8060
698
568
8080
681
592
8100
654
619
8120
623
639
8140
596
676
8160
559
700
8180
526
732
8200
489
760
8220
464
793
8240
439
826
8260
410
859
8280
380
896
8300
354
930
8320
328
969
8340
300
1007
8360
265
1052
8380
