1196
71
7900
1188
75
7920
1189
76
7940
1184
102
7960
1184
111
7980
1180
128
8000
1184
137
8020
1183
151
8040
1186
161
8060
1182
176
8080
1176
187
8100
1152
200
8120
1128
210
8140
1101
222
8160
1073
237
8180
1054
249
8200
1027
266
8220
995
282
8240
968
292
8260
932
309
8280
901
328
8300
864
344
8320
837
364
8340
802
387
8360
771
403
8380
741
420
8400
718
446
8420
695
475
8440
671
505
8460
634
528
8480
616
555
8500
595
597
8520
572
628
8540
550
659
8560
520
689
8580
489
729
8600
461
768
8620
427
811
8640
379
849
8660
356
899
8680
326
949
8700
288
994
8720
255
1052
8740
