1648
1035
9160
1645
1001
9180
1626
961
9200
1607
914
9220
1592
876
9240
1579
832
9260
1567
799
9280
1548
755
9300
1534
720
9320
1525
688
9340
1512
652
9360
1502
620
9380
1492
591
9400
1487
565
9420
1480
542
9440
1473
516
9460
1465
495
9480
1456
470
9500
1442
446
9520
1429
420
9540
1420
394
9560
1408
372
9580
1395
348
9600
1384
326
9620
1373
308
9640
1364
272
9660
1357
257
9680
1346
238
9700
1337
221
9720
1330
201
9740
1323
190
9760
1323
175
9780
1323
160
9800
1317
145
9820
1314
134
9840
1308
113
9860
1307
105
9880
1307
92
9900
1298
81
9920
1297
71
9940
