490
108
9560
489
120
9580
489
126
9600
491
138
9620
492
152
9640
486
166
9660
483
173
9680
482
188
9700
483
200
9720
482
211
9740
487
226
9760
489
234
9780
496
249
9800
496
259
9820
503
269
9840
517
282
9860
522
292
9880
518
310
9900
515
324
9920
503
344
9940
492
362
9960
489
375
9980
479
402
10000
459
416
10020
447
432
10040
439
460
10060
429
483
10080
417
504
10100
401
529
10120
388
545
10140
371
572
10160
359
598
10180
339
631
10200
319
661
10220
299
687
10240
285
714
10260
269
752
10280
255
786
10300
230
822
10320
213
859
10340
181
889
10360
162
935
10380
141
977
10400
107
1017
10420
