1577
355
9120
1533
350
9140
1483
344
9160
1436
335
9180
1392
335
9200
1350
331
9220
1307
332
9240
1264
320
9260
1216
312
9280
1167
302
9300
1127
291
9320
1089
289
9340
1044
279
9360
1001
271
9380
960
267
9400
921
260
9420
884
253
9440
845
250
9460
807
233
9480
775
228
9500
734
219
9520
701
213
9540
676
204
9560
653
193
9580
632
182
9600
621
165
9620
619
152
9640
618
141
9660
619
129
9680
619
118
9700
619
101
9720
620
90
9740
621
78
9760
624
69
9780
