1581
374
11100
1548
389
11120
1524
384
11140
1501
367
11160
1477
345
11180
1445
348
11200
1417
320
11220
1388
313
11240
1355
302
11260
1327
289
11280
1297
286
11300
1268
278
11320
1240
275
11340
1214
258
11360
1188
249
11380
1164
231
11400
1141
237
11420
1123
225
11440
1106
212
11460
1098
203
11480
1094
191
11500
1094
179
11520
1092
169
11540
1091
149
11560
1090
138
11580
1093
107
11600
1091
93
11620
1092
85
11640
1093
72
11660
1082
66
11680
1062
61
11700
1040
53
11720
1021
51
11740
1016
41
11760
