636
97
11140
632
111
11160
631
123
11180
622
138
11200
621
158
11220
623
180
11240
619
189
11260
620
210
11280
613
229
11300
613
250
11320
607
265
11340
594
288
11360
581
310
11380
571
335
11400
556
362
11420
540
387
11440
523
408
11460
503
435
11480
488
460
11500
473
496
11520
455
530
11540
429
558
11560
417
588
11580
401
628
11600
379
666
11620
359
701
11640
331
744
11660
307
798
11680
280
835
11700
255
878
11720
223
932
11740
198
984
11760
169
1058
11780
