575
104
11640
578
114
11660
573
132
11680
565
145
11700
562
156
11720
562
169
11740
560
183
11760
569
200
11780
575
212
11800
582
225
11820
585
245
11840
586
260
11860
587
281
11880
587
292
11900
586
309
11920
573
335
11940
565
351
11960
554
369
11980
542
392
12000
527
415
12020
507
442
12040
488
461
12060
470
482
12080
455
509
12100
435
538
12120
419
567
12140
403
596
12160
369
653
12200
347
683
12220
322
714
12240
299
750
12260
260
824
12300
243
861
12320
224
900
12340
191
985
12380
159
1032
12400
