564
106
12200
572
119
12220
580
129
12240
581
143
12260
576
160
12280
571
178
12300
574
188
12320
572
204
12340
585
220
12360
606
236
12380
627
248
12400
652
261
12420
668
278
12440
682
290
12460
707
306
12480
733
323
12500
769
334
12520
803
354
12540
844
362
12560
888
373
12580
929
385
12600
973
404
12620
1016
420
12640
1060
435
12660
1104
445
12680
1150
459
12700
1196
478
12720
1241
493
12740
1291
513
12760
1344
530
12780
1386
549
12800
1441
562
12820
1494
583
12840
1546
593
12860
1605
607
12880
1657
621
12900
1720
635
12920
1764
652
12940
