614
119
12560
615
134
12580
614
142
12600
613
157
12620
617
164
12640
627
180
12660
649
197
12680
677
207
12700
711
213
12720
747
222
12740
773
233
12760
801
242
12780
836
259
12800
862
274
12820
896
289
12840
921
299
12860
963
315
12880
993
326
12900
1031
337
12920
1065
354
12940
1101
372
12960
1135
389
12980
1167
404
13000
1211
420
13020
1248
434
13040
1292
452
13060
1333
473
13080
1382
491
13100
1462
516
13140
1510
542
13160
1552
557
13180
1598
577
13200
1640
595
13220
1688
605
13240
1729
616
13260
1775
624
13280
