354
1032
14680
370
988
14700
387
950
14720
398
917
14740
405
884
14760
416
849
14780
429
817
14800
441
785
14820
452
754
14840
464
725
14860
478
696
14880
493
669
14900
509
645
14920
522
621
14940
531
597
14960
538
575
14980
543
551
15000
546
528
15020
548
508
15040
551
487
15060
550
468
15080
550
449
15100
554
430
15120
561
413
15140
570
396
15160
576
377
15180
583
357
15200
595
345
15220
591
329
15240
593
312
15260
594
299
15280
584
284
15300
583
269
15320
580
261
15340
585
240
15360
590
232
15380
595
219
15400
601
207
15420
601
198
15440
604
181
15460
599
172
15480
597
163
15500
587
150
15520
590
141
15540
590
130
15560
591
119
15580
599
108
15600
597
100
15620
604
93
15640
608
84
15660
617
75
15680
625
63
15700
