835
1037
13140
878
1005
13160
915
966
13180
954
926
13200
991
895
13220
1024
860
13240
1055
832
13260
1087
804
13280
1120
768
13300
1149
744
13320
1175
716
13340
1199
684
13360
1217
660
13380
1239
635
13400
1254
606
13420
1277
582
13440
1288
561
13460
1310
540
13480
1332
516
13500
1342
499
13520
1362
478
13540
1372
455
13560
1382
436
13580
1386
415
13600
1393
397
13620
1404
379
13640
1414
359
13660
1421
341
13680
1422
323
13700
1425
311
13720
1430
297
13740
1439
279
13760
1447
267
13780
1459
252
13800
1478
244
13820
1492
232
13840
