1690
510
16120
1642
517
16140
1588
515
16160
1532
509
16180
1477
502
16200
1422
493
16220
1367
487
16240
1311
480
16260
1256
474
16280
1200
466
16300
1144
463
16320
1089
460
16340
1033
462
16360
977
457
16380
921
460
16400
865
462
16420
809
465
16440
753
466
16460
700
472
16480
649
482
16500
593
495
16520
532
498
16540
475
500
16560
418
506
16580
361
503
16600
303
508
16620
236
507
16640
179
503
16660
113
502
16680
58
501
16700
5
494
16720
