682
159
15760
680
171
15780
679
188
15800
677
205
15820
678
216
15840
678
234
15860
678
246
15880
681
263
15900
687
275
15920
682
290
15940
684
304
15960
688
321
15980
687
341
16000
688
359
16020
690
377
16040
686
392
16060
689
411
16080
686
433
16100
683
455
16120
677
483
16140
679
504
16160
670
530
16180
671
557
16200
672
582
16220
678
605
16240
698
631
16260
725
655
16280
741
686
16300
766
713
16320
785
744
16340
797
772
16360
811
805
16380
839
827
16400
878
861
16420
918
887
16440
966
908
16460
1026
939
16480
1071
972
16500
