133
518
17840
172
527
17860
218
532
17880
262
527
17900
306
520
17920
347
510
17940
384
498
17960
415
484
17980
440
470
18000
461
477
18020
483
458
18040
514
445
18060
544
433
18080
572
418
18100
595
399
18120
618
382
18140
643
366
18160
670
351
18180
698
338
18200
724
323
18220
749
309
18240
773
297
18260
795
285
18280
817
272
18300
840
259
18320
863
222
18340
882
210
18360
895
203
18380
907
185
18400
916
179
18420
917
181
18440
926
182
18460
931
186
18480
938
190
18500
954
194
18520
969
188
18540
