578
78
17000
593
93
17020
597
107
17040
599
119
17060
601
134
17080
606
149
17100
617
166
17120
625
175
17140
647
189
17160
667
213
17180
692
218
17200
723
228
17220
756
242
17240
794
252
17260
835
262
17280
875
275
17300
916
287
17320
959
299
17340
1005
309
17360
1053
319
17380
1102
326
17400
1150
335
17420
1200
341
17440
1251
350
17460
1300
362
17480
1361
351
17500
1413
361
17520
1466
376
17540
1517
383
17560
1566
382
17580
