597
189
19120
609
196
19140
619
208
19160
639
219
19180
659
233
19200
668
244
19220
691
257
19240
713
267
19260
734
279
19280
753
292
19300
769
307
19320
793
318
19340
811
332
19360
826
352
19380
845
363
19400
866
375
19420
893
397
19440
908
414
19460
928
430
19480
950
449
19500
973
471
19520
996
494
19540
1019
514
19560
1041
532
19580
1067
555
19600
1087
582
19620
1096
613
19640
1117
645
19660
1139
670
19680
1153
696
19700
1176
730
19720
1193
760
19740
1222
793
19760
1243
825
19780
1267
859
19800
1294
898
19820
1324
933
19840
1350
975
19860
1384
1017
19880
1416
1057
19900
1439
1074
19920
