526
90
18820
519
114
18840
516
126
18860
514
142
18880
519
159
18900
528
175
18920
541
188
18940
560
206
18960
578
222
18980
599
238
19000
625
257
19020
652
274
19040
678
293
19060
698
313
19080
727
343
19100
755
357
19120
792
384
19140
830
401
19160
869
418
19180
912
435
19200
958
455
19220
1008
473
19240
1056
497
19260
1106
523
19280
1158
542
19300
1227
545
19320
1295
565
19340
1360
573
19360
1425
578
19380
1495
592
19400
1560
594
19420
1623
604
19440
1688
615
19460
1743
620
19480
1787
625
19500
1789
630
19520
