609
204
20020
617
214
20040
621
229
20060
627
242
20080
632
249
20100
629
259
20120
628
276
20140
625
285
20160
621
299
20180
621
311
20200
620
321
20220
619
333
20240
615
353
20260
600
370
20280
582
386
20300
569
398
20320
553
423
20340
532
440
20360
512
453
20380
495
474
20400
490
492
20420
477
513
20440
464
529
20460
450
555
20480
436
576
20500
391
621
20540
370
645
20560
353
673
20580
333
700
20600
317
720
20620
300
751
20640
288
782
20660
267
810
20680
247
846
20700
231
873
20720
213
910
20740
190
943
20760
166
981
20780
144
1022
20800
127
1066
20820
