594
169
19740
602
183
19760
610
195
19780
626
206
19800
644
218
19820
666
229
19840
688
239
19860
707
250
19880
732
263
19900
761
275
19920
783
288
19940
809
299
19960
842
306
19980
876
318
20000
898
332
20020
929
342
20040
967
355
20060
998
367
20080
1022
385
20100
1050
394
20120
1078
412
20140
1111
430
20160
1144
443
20180
1175
460
20200
1214
474
20220
1249
484
20240
1288
502
20260
1328
513
20280
1372
522
20300
1424
535
20320
1463
542
20340
1508
551
20360
1557
556
20380
1603
558
20400
1643
562
20420
1693
567
20440
1729
564
20460
1772
559
20480
1793
576
20500
