613
154
19940
615
168
19960
622
179
19980
627
190
20000
634
204
20020
636
202
20040
635
218
20060
639
227
20080
646
237
20100
642
250
20120
622
257
20140
609
271
20160
606
286
20180
596
300
20200
595
308
20220
589
326
20240
577
345
20260
570
359
20280
557
377
20300
542
387
20320
523
407
20340
503
425
20360
490
440
20380
472
458
20400
455
476
20420
444
492
20440
426
518
20460
416
546
20480
395
570
20500
376
586
20520
361
612
20540
342
638
20560
319
663
20580
303
687
20600
290
708
20620
265
745
20640
245
773
20660
229
802
20680
207
834
20700
184
860
20720
172
898
20740
153
939
20760
130
972
20780
103
1017
20800
83
1057
20820
