609
164
19460
619
174
19480
637
190
19500
655
198
19520
681
208
19540
706
219
19560
730
233
19580
759
247
19600
787
259
19620
811
272
19640
835
285
19660
867
295
19680
901
310
19700
928
324
19720
960
335
19740
997
347
19760
1038
367
19780
1071
380
19800
1108
394
19820
1143
411
19840
1181
426
19860
1225
440
19880
1271
459
19900
1313
472
19920
1356
486
19940
1407
501
19960
1454
517
19980
1502
528
20000
1549
542
20020
1594
555
20040
1642
563
20060
1682
566
20080
1727
562
20100
1756
555
20120
1797
578
20140
