625
146
19660
623
166
19680
626
175
19700
638
187
19720
657
198
19740
673
209
19760
695
223
19780
722
235
19800
746
248
19820
767
265
19840
797
277
19860
817
293
19880
847
308
19900
879
320
19920
906
332
19940
944
345
19960
981
355
19980
1024
368
20000
1055
384
20020
1090
395
20040
1133
414
20060
1166
423
20080
1213
442
20100
1260
453
20120
1307
468
20140
1337
480
20160
1390
497
20180
1430
504
20200
1476
523
20220
1524
538
20240
1564
548
20260
1614
555
20280
1662
553
20300
1709
554
20320
1753
549
20340
1792
563
20360
