1716
515
20180
1690
522
20200
1647
522
20220
1605
515
20240
1563
511
20260
1527
500
20280
1487
490
20300
1446
483
20320
1405
471
20340
1366
461
20360
1326
445
20380
1287
432
20400
1251
423
20420
1214
410
20440
1178
400
20460
1143
387
20480
1107
376
20500
1070
367
20520
1034
357
20540
999
349
20560
964
339
20580
933
326
20600
907
316
20620
879
281
20640
846
271
20660
819
262
20680
787
252
20700
762
243
20720
736
231
20740
709
224
20760
688
218
20780
662
208
20800
642
193
20820
631
185
20840
605
173
20860
593
161
20880
588
152
20900
587
141
20920
581
133
20940
579
120
20960
566
109
20980
552
97
21000
543
93
21020
542
83
21040
542
78
21060
549
63
21080
549
55
21100
542
54
21120
