590
184
19940
592
193
19960
597
204
19980
598
216
20000
605
231
20020
606
238
20040
600
253
20060
594
269
20080
590
282
20100
588
299
20120
579
313
20140
562
329
20160
536
340
20180
503
347
20200
481
361
20220
462
376
20240
446
393
20260
420
410
20280
386
427
20300
354
440
20320
328
455
20340
293
463
20360
263
482
20380
222
485
20400
184
489
20420
146
493
20440
105
488
20460
82
487
20480
44
485
20500
10
488
20520
5
484
20540
