617
181
19740
628
188
19760
642
198
19780
660
211
19800
683
221
19820
704
226
19840
727
232
19860
758
244
19880
789
255
19900
818
264
19920
847
276
19940
877
288
19960
910
294
19980
940
305
20000
966
326
20020
996
328
20040
1022
337
20060
1054
352
20080
1089
363
20100
1124
374
20120
1157
386
20140
1193
399
20160
1234
414
20180
1261
423
20200
1303
436
20220
1344
448
20240
1387
465
20260
1417
477
20280
1459
488
20300
1501
499
20320
1543
512
20340
1585
521
20360
1628
523
20380
1671
533
20400
1710
542
20420
1746
546
20440
1782
551
20460
