1390
1016
21000
1364
1006
21020
1330
958
21040
1292
941
21060
1259
897
21080
1226
855
21100
1200
811
21120
1172
770
21140
1144
729
21160
1117
680
21180
1094
635
21200
1070
600
21220
1035
571
21240
1002
542
21260
942
495
21280
916
473
21300
874
450
21320
843
424
21340
812
404
21360
787
381
21380
762
358
21400
744
343
21420
727
317
21440
714
297
21460
699
283
21480
684
261
21500
675
240
21520
658
222
21540
647
207
21560
632
193
21580
621
176
21600
612
162
21620
602
143
21640
595
131
21660
581
118
21680
576
108
21700
563
92
21720
565
82
21740
560
70
21760
558
62
21780
550
53
21800
