616
159
21160
617
170
21180
618
180
21200
619
190
21220
626
200
21240
638
214
21260
655
222
21280
674
236
21300
695
245
21320
719
256
21340
741
263
21360
766
273
21380
792
278
21400
816
292
21420
841
298
21440
867
308
21460
893
318
21480
921
330
21500
947
338
21520
973
349
21540
999
359
21560
1025
375
21580
1051
387
21600
1076
401
21620
1102
415
21640
1144
407
21660
1171
417
21680
1206
432
21700
1243
442
21720
1276
453
21740
1314
463
21760
1347
475
21780
1386
487
21800
1420
505
21820
1455
517
21840
1492
532
21860
1530
541
21880
1565
557
21900
1607
567
21920
1645
579
21940
1676
591
21960
1715
599
21980
1752
610
22000
1787
619
22020
