1724
513
22580
1686
511
22600
1650
513
22620
1612
512
22640
1573
513
22660
1539
518
22680
1502
523
22700
1468
530
22720
1433
537
22740
1406
549
22760
1367
557
22780
1325
559
22800
1289
563
22820
1248
579
22840
1210
585
22860
1176
596
22880
1137
614
22900
1090
627
22920
1057
633
22940
1014
646
22960
971
652
22980
925
664
23000
873
662
23020
825
667
23040
777
666
23060
723
666
23080
673
663
23100
619
662
23120
566
658
23140
516
654
23160
470
648
23180
418
644
23200
370
638
23220
325
630
23240
269
633
23260
221
637
23280
173
638
23300
125
636
23320
93
643
23340
