1660
996
22620
1615
967
22640
1570
929
22660
1524
893
22680
1481
854
22700
1435
820
22720
1378
785
22740
1339
746
22760
1299
714
22780
1266
680
22800
1234
657
22820
1197
631
22840
1159
599
22860
1126
574
22880
1092
553
22900
1057
531
22920
1021
509
22940
991
485
22960
957
466
22980
919
452
23000
877
434
23020
854
420
23040
825
394
23060
795
389
23080
773
361
23100
755
347
23120
730
328
23140
722
310
23160
700
292
23180
688
279
23200
670
242
23220
656
249
23240
639
235
23260
631
216
23280
623
206
23300
612
192
23320
613
174
23340
610
160
23360
613
146
23380
616
133
23400
613
122
23420
619
111
23440
618
98
23460
621
88
23480
626
77
23500
628
71
23520
