179
683
22360
235
686
22380
293
690
22400
345
693
22420
402
700
22440
463
700
22460
512
691
22480
565
688
22500
618
689
22520
666
682
22540
719
678
22560
774
669
22580
832
673
22600
883
660
22620
932
648
22640
961
639
22660
927
642
22680
911
645
22700
897
647
22720
888
637
22980
910
635
23000
933
638
23020
946
634
23040
941
637
23660
941
637
24300
968
627
24320
981
636
24340
993
642
24360
991
641
24380
987
641
24400
987
644
24460
974
659
24480
963
656
24500
950
669
24520
939
669
24540
926
665
24560
919
664
24580
924
667
24600
924
666
24700
937
661
24720
938
654
24740
933
653
26300
932
637
27200
937
643
27220
944
651
27240
958
661
27260
965
672
27280
978
679
27300
979
690
27320
985
702
27340
986
708
27360
983
718
27380
982
723
27400
982
733
27420
974
737
27440
989
735
28100
989
737
28120
1004
740
28140
994
726
28160
970
731
28180
940
728
28200
908
735
28220
862
732
28240
831
719
28260
798
712
28280
770
701
28300
740
690
28320
706
678
28340
683
661
28360
666
648
28380
650
632
28400
629
628
28420
625
617
28440
628
621
28460
629
626
28480
627
627
28500
627
623
28520
632
614
28540
613
605
28560
610
595
28580
598
579
28600
594
568
28620
584
547
28640
579
533
28660
572
519
28680
571
500
28700
567
485
28720
566
471
28740
567
459
28760
567
456
28780
567
452
28800
571
444
28820
575
431
28840
565
418
28860
561
401
28880
564
389
28900
569
368
28920
572
353
28940
580
341
28960
586
331
28980
589
312
29000
596
297
29020
594
286
29040
597
270
29060
603
255
29080
604
242
29100
604
227
29120
601
215
29140
597
209
29160
590
196
29180
584
181
29200
581
170
29220
580
163
29240
583
145
29260
585
142
29280
590
127
29300
589
119
29320
589
109
29340
588
100
29360
582
92
29380
580
79
29400
579
69
29420
579
59
29440
579
55
29460
