1054
129
22880
1050
145
22900
1055
176
22920
1055
183
22940
1055
199
22960
1060
219
22980
1068
231
23000
1085
249
23020
1101
271
23040
1113
285
23060
1124
309
23080
1132
325
23100
1146
349
23120
1157
366
23140
1170
387
23160
1186
414
23180
1200
437
23200
1220
461
23220
1239
488
23240
1251
515
23260
1261
544
23280
1274
574
23300
1291
605
23320
1304
645
23340
1322
676
23360
1336
717
23380
1355
757
23400
1381
792
23420
1412
835
23440
1448
876
23460
1485
922
23480
1509
976
23500
1508
1025
23520
1519
1071
23540
