122
1000
22720
144
996
22740
139
1000
22760
137
999
22780
137
999
22800
139
1004
22820
138
1001
22840
139
1004
22860
138
1001
22880
138
1004
22900
137
1022
22920
143
984
22940
159
949
22960
169
913
22980
185
922
23000
215
818
23020
248
785
23040
273
759
23060
299
725
23080
326
692
23100
342
668
23120
368
645
23140
393
620
23160
425
597
23180
439
569
23200
458
548
23220
470
523
23240
481
495
23260
488
474
23280
501
455
23300
505
438
23320
514
415
23340
521
394
23360
517
380
23380
525
357
23400
530
337
23420
539
318
23440
545
298
23460
546
287
23480
549
270
23500
553
255
23520
555
239
23540
550
225
23560
550
209
23580
550
194
23600
550
183
23620
542
173
23640
543
159
23660
546
148
23680
557
138
23700
562
121
23720
571
112
23740
573
99
23760
578
90
23780
581
88
23800
586
70
23820
588
61
23840
590
61
23860
