1236
992
23300
1210
948
23320
1186
912
23340
1160
870
23360
1142
831
23380
1127
798
23400
1110
761
23420
1090
723
23440
1081
688
23460
1072
664
23480
1066
627
23500
1060
603
23520
1049
576
23540
1036
554
23560
1016
519
23580
993
503
23600
967
481
23620
942
465
23640
914
440
23660
889
421
23680
864
404
23700
836
389
23720
816
369
23740
795
351
23760
770
338
23780
750
320
23800
729
306
23820
708
285
23840
685
275
23860
665
261
23880
650
241
23900
641
230
23920
636
217
23940
627
203
23960
625
186
23980
616
173
24000
611
160
24020
606
142
24040
599
136
24060
594
118
24080
588
109
24100
585
95
24120
584
83
24140
589
75
24160
585
69
24180
577
60
24200
575
54
24220
