574
1004
23080
580
1021
23100
596
985
23120
610
951
23140
624
908
23160
632
878
23180
641
843
23200
649
817
23220
656
780
23240
658
756
23260
659
729
23280
660
708
23300
659
684
23320
657
662
23340
658
633
23360
661
608
23380
664
587
23400
668
564
23420
672
541
23440
678
522
23460
687
502
23480
700
484
23500
721
471
23520
752
459
23540
780
448
23560
807
404
23580
839
395
23600
869
389
23620
894
378
23640
928
372
23660
963
362
23680
1004
351
23700
1044
350
23720
1083
354
23740
1118
345
23760
1150
348
23780
1176
350
23800
1191
363
23820
1216
376
23840
1239
384
23860
1252
395
23880
1257
413
23900
1251
428
23920
1249
448
23940
1245
467
23960
1242
475
23980
1227
492
24000
1217
518
24020
1204
534
24040
1184
556
24060
1173
571
24080
1158
593
24100
1132
615
24120
1096
629
24140
1052
633
24160
1019
627
24180
1009
625
24200
1009
619
24240
1007
635
24260
993
641
24280
974
654
24300
935
662
24320
923
655
24340
916
657
24360
903
650
24420
894
647
24440
889
648
24460
875
649
24480
860
650
24520
843
641
24540
828
640
24560
832
634
24580
846
642
24980
844
648
25080
844
648
25100
846
640
25260
813
642
25300
778
636
25320
763
621
25340
755
607
25360
758
584
25380
768
555
25400
775
537
25420
788
524
25440
798
533
25460
823
529
25480
888
569
25600
803
504
26160
830
487
26180
864
474
26200
888
461
26220
911
450
26240
939
436
26260
973
420
26280
990
404
26300
1007
386
26320
1025
364
26340
1051
346
26360
1077
330
26380
1096
321
26400
1118
310
26420
1148
299
26440
1171
286
26460
1193
274
26480
1212
259
26500
1231
243
26520
1243
228
26540
1251
218
26560
1263
202
26580
1267
190
26600
1275
181
26620
1282
158
26640
1286
149
26660
1293
136
26680
1299
122
26700
1289
118
26720
1289
101
26740
1286
89
26760
1284
78
26780
1283
69
26800
1281
67
26820
