1190
1004
23380
1180
1017
23400
1133
1003
23420
1077
922
23440
1043
897
23460
1007
871
23480
969
852
23500
934
832
23520
895
814
23540
861
792
23560
833
773
23580
797
755
23600
761
733
23620
733
714
23640
703
701
23660
677
695
23680
639
678
23700
599
664
23720
562
658
23740
528
652
23760
480
640
23780
448
632
23800
417
625
23820
388
618
23840
355
613
23860
325
607
23880
297
603
23900
265
601
23920
237
600
23940
204
595
23960
178
593
23980
155
589
24000
136
585
24020
118
587
24040
119
582
24060
123
587
24080
124
590
24420
106
588
24440
87
582
24460
85
571
24480
87
568
24540
73
572
24600
77
564
24620
48
558
24680
46
556
24700
47
562
24780
54
534
24800
51
532
24820
68
521
24840
86
511
24860
112
494
24880
146
483
24900
164
472
24920
187
475
24940
204
471
24960
217
463
24980
209
468
25040
206
465
25060
181
473
25080
144
481
25100
101
484
25120
65
492
25140
22
503
25160
4
534
25180
