423
1029
23500
470
1015
23520
500
895
23540
529
832
23560
555
778
23580
571
735
23600
595
692
23620
617
649
23640
647
624
23660
679
591
23680
720
562
23700
758
534
23720
786
504
23740
821
477
23760
832
473
23780
834
471
23800
834
470
23840
843
473
23860
857
473
23880
876
474
23900
899
475
23920
932
479
23940
950
486
23960
978
485
23980
1012
489
24000
1050
481
24020
1077
476
24040
1104
469
24060
1127
460
24080
1149
445
24100
1178
432
24120
1211
425
24140
1244
419
24160
1271
412
24180
1303
401
24200
1330
390
24220
1362
382
24240
1388
373
24260
1418
364
24280
1446
356
24300
1473
347
24320
1501
340
24340
1523
333
24360
1550
328
24380
1578
324
24400
1618
319
24420
