1483
234
24960
1454
245
24980
1436
259
25000
1429
279
25020
1427
297
25040
1416
320
25060
1400
337
25080
1385
356
25100
1368
377
25120
1348
395
25140
1324
417
25160
1301
436
25180
1289
459
25200
1269
483
25220
1250
506
25240
1221
532
25260
1191
551
25280
1156
579
25300
1124
603
25320
1088
630
25340
1045
653
25360
1004
677
25380
965
708
25400
918
736
25420
873
772
25440
831
792
25460
782
825
25480
737
862
25500
681
897
25520
632
931
25540
577
976
25560
516
1013
25580
459
1060
25600
