366
1041
25080
372
1001
25100
378
962
25120
380
927
25140
380
894
25160
391
865
25180
401
829
25200
405
797
25220
418
768
25240
425
740
25260
431
712
25280
442
682
25300
451
661
25320
459
638
25340
462
606
25360
465
587
25380
474
561
25400
473
543
25420
481
521
25440
490
500
25460
503
480
25480
513
461
25500
521
442
25520
525
424
25540
526
405
25560
532
387
25580
536
377
25600
547
360
25620
557
345
25640
564
331
25660
567
315
25680
572
300
25700
573
282
25720
576
275
25740
578
260
25760
584
246
25780
586
232
25800
581
222
25820
586
212
25840
587
202
25860
591
188
25880
598
177
25900
601
167
25920
601
159
25940
605
147
25960
603
138
25980
606
129
26000
605
120
26020
606
109
26040
610
102
26060
610
91
26080
613
82
26100
619
74
26120
625
66
26140
