1496
232
24920
1465
231
24940
1447
243
24960
1431
249
24980
1416
267
25000
1403
277
25020
1389
290
25040
1376
302
25060
1359
320
25080
1341
329
25100
1324
345
25120
1308
357
25140
1295
374
25160
1280
390
25180
1267
410
25200
1262
428
25220
1246
446
25240
1231
466
25260
1215
488
25280
1204
507
25300
1185
530
25320
1166
552
25340
1148
577
25360
1129
600
25380
1104
628
25400
1073
646
25420
1033
669
25440
1002
700
25460
969
725
25480
930
757
25500
891
779
25520
840
809
25540
804
838
25560
771
872
25580
731
908
25600
689
945
25620
644
977
25640
598
1016
25660
551
1049
25680
