531
170
25220
538
185
25240
539
201
25260
536
219
25280
534
238
25300
534
256
25320
534
270
25340
534
291
25360
527
307
25380
524
329
25400
520
348
25420
524
373
25440
520
401
25460
505
427
25480
487
453
25500
468
481
25520
450
511
25540
440
536
25560
425
572
25580
409
604
25600
381
635
25620
347
670
25640
320
711
25660
284
744
25680
255
782
25700
235
826
25720
218
871
25740
187
919
25760
146
963
25780
118
1011
25800
