1464
1048
25640
1429
1002
25660
1390
988
25680
1347
962
25700
1322
915
25720
1301
790
25740
1282
745
25760
1260
702
25780
1239
669
25800
1217
641
25820
1189
602
25840
1151
577
25860
1110
548
25880
1071
519
25900
1042
499
25920
1012
474
25940
979
452
25960
952
434
25980
929
408
26000
905
387
26020
882
366
26040
865
350
26060
838
323
26080
816
310
26100
791
296
26120
764
276
26140
737
262
26160
710
252
26180
691
238
26200
669
226
26220
657
206
26240
645
191
26260
634
176
26280
633
166
26300
631
146
26320
627
135
26340
624
120
26360
616
103
26380
616
93
26400
616
86
26420
616
71
26440
618
61
26460
