1570
310
26680
1538
303
26700
1504
300
26720
1475
293
26740
1450
284
26760
1432
274
26780
1413
260
26800
1405
247
26820
1395
239
26840
1383
230
26860
1373
221
26880
1362
210
26900
1353
203
26920
1344
193
26940
1335
182
26960
1323
174
26980
1306
166
27000
1296
160
27020
1289
155
27040
1278
147
27060
1260
138
27080
1238
133
27100
1216
124
27120
1197
114
27140
1186
104
27160
1166
97
27180
1158
85
27200
1147
79
27220
