286
1023
26780
282
1000
26800
281
974
26820
282
948
26840
285
926
26860
283
905
26880
289
884
26900
284
877
26920
288
851
26940
295
828
26960
302
805
26980
309
781
27000
318
737
27020
320
722
27040
326
702
27060
323
686
27080
325
672
27100
322
661
27120
320
662
27140
321
665
27160
319
662
27180
317
664
27220
323
668
27240
322
676
27260
321
682
27280
314
701
27300
305
724
27320
296
745
27340
292
763
27360
291
793
27380
303
815
27400
318
839
27420
330
856
27440
347
881
27460
360
896
27480
369
904
27500
378
913
27520
384
921
27540
398
942
27560
412
970
27580
422
996
27600
449
1017
27620
455
1027
27640
466
1024
27840
472
1025
27860
482
1035
27880
472
1036
27900
461
1054
27920
