1339
98
26600
1345
100
26620
1345
113
26640
1355
122
26660
1359
134
26680
1360
148
26700
1357
157
26720
1355
171
26740
1352
180
26760
1346
194
26780
1344
203
26800
1341
218
26820
1333
231
26840
1331
245
26860
1341
259
26880
1346
272
26900
1352
283
26920
1361
301
26940
1368
327
26960
1369
340
26980
1378
359
27000
1381
372
27020
1394
390
27040
1402
408
27060
1421
428
27080
1428
448
27100
1441
471
27120
1451
480
27140
1453
494
27160
1464
518
27180
1460
541
27200
1459
566
27220
1462
588
27240
1471
615
27260
1479
647
27280
1490
674
27300
1500
704
27320
1514
731
27340
1530
765
27360
1551
794
27380
1573
827
27400
1585
868
27420
1591
904
27440
1594
949
27460
1616
981
27480
1651
1032
27500
1687
1069
27520
