564
81
26640
574
92
26660
580
105
26680
581
114
26700
577
125
26720
579
141
26740
579
153
26760
585
162
26780
592
175
26800
619
191
26820
647
208
26840
685
230
26860
731
246
26880
781
261
26900
837
274
26920
891
292
26940
941
311
26960
991
332
26980
1048
349
27000
1107
370
27020
1162
393
27040
1229
408
27060
1286
422
27080
1350
450
27100
1411
479
27120
1470
509
27140
1539
527
27160
1614
537
27180
1677
545
27200
1739
551
27220
