596
83
26640
603
97
26660
609
114
26680
610
127
26700
614
139
26720
619
153
26740
619
154
26760
626
174
26780
627
180
26800
646
192
26820
667
202
26840
698
216
26860
718
224
26880
750
233
26900
779
247
26920
814
257
26940
852
272
26960
884
277
26980
925
292
27000
962
305
27020
1002
319
27040
1046
332
27060
1083
345
27080
1124
359
27100
1171
371
27120
1223
383
27140
1265
400
27160
1308
412
27180
1355
432
27200
1401
446
27220
1446
461
27240
1491
481
27260
1543
497
27280
1594
515
27300
1643
529
27320
1699
541
27340
1748
551
27360
