1471
1042
26840
1453
998
26860
1432
954
26880
1408
911
26900
1396
876
26920
1395
839
26940
1380
803
26960
1354
765
26980
1326
728
27000
1303
695
27020
1287
660
27040
1267
629
27060
1251
604
27080
1225
566
27100
1215
546
27120
1204
515
27140
1192
491
27160
1175
465
27180
1161
443
27200
1151
426
27220
1137
399
27240
1126
382
27260
1118
361
27280
1114
338
27300
1106
321
27320
1105
301
27340
1102
285
27360
1103
269
27380
1100
250
27400
1097
235
27420
1098
222
27440
1097
210
27460
1084
196
27480
1076
186
27500
1073
170
27520
1078
154
27540
1077
137
27560
1076
129
27580
1075
117
27600
1072
105
27620
1074
92
27640
1065
80
27660
1050
74
27680
1031
67
27700
1016
57
27720
1004
51
27740
