1499
222
26260
1474
226
26280
1455
234
26300
1442
248
26320
1435
261
26340
1436
282
26360
1436
295
26380
1445
314
26400
1457
328
26420
1466
346
26440
1478
366
26460
1489
388
26480
1500
403
26500
1514
432
26520
1523
449
26540
1533
477
26560
1544
497
26580
1555
526
26600
1562
550
26620
1572
582
26640
1583
610
26660
1590
639
26680
1586
667
26700
1587
699
26720
1598
731
26740
1604
766
26760
1619
798
26780
1635
840
26800
1661
874
26820
1683
919
26840
1710
959
26860
1732
1011
26880
1763
1056
26900
