1276
91
26280
1267
90
26300
1251
98
26320
1240
106
26340
1235
119
26360
1228
130
26380
1229
140
26400
1221
153
26420
1213
167
26440
1215
179
26460
1207
191
26480
1191
206
26500
1171
217
26520
1151
228
26540
1130
240
26560
1117
252
26580
1093
266
26600
1073
281
26620
1053
294
26640
1021
308
26660
999
318
26680
969
332
26700
943
350
26720
917
365
26740
892
381
26760
870
403
26780
843
422
26800
818
439
26820
792
461
26840
764
482
26860
743
502
26880
723
528
26900
698
552
26920
668
579
26940
645
605
26960
616
633
26980
589
662
27000
562
687
27020
539
723
27040
506
758
27060
472
786
27080
442
821
27100
409
857
27120
383
891
27140
347
931
27160
308
974
27180
266
1016
27200
226
1056
27220
