1492
1011
26520
1472
976
26540
1441
943
26560
1416
911
26580
1395
878
26600
1373
851
26620
1354
825
26640
1336
798
26660
1314
771
26680
1299
753
26700
1280
731
26720
1260
710
26740
1243
695
26760
1233
683
26780
1219
669
26800
1211
656
26820
1186
643
26840
1186
632
26860
1173
620
26880
1170
612
26900
1170
602
26920
1157
596
26940
1155
586
26960
1157
578
26980
1151
577
27000
1144
568
27020
1152
572
27040
1152
574
27680
1163
569
27700
1163
565
27720
1172
557
27740
1182
552
27760
1179
544
27780
1165
537
27800
1158
526
27820
1146
510
27840
1137
500
27860
1134
487
27880
1145
480
27900
1141
472
27920
1129
459
27940
1134
445
27960
1129
435
27980
1129
422
28000
1133
405
28020
1131
391
28040
1129
375
28060
1132
363
28080
1126
350
28100
1130
333
28120
1128
318
28140
1127
301
28160
1124
290
28180
1124
274
28200
1121
258
28220
1124
250
28240
1127
238
28260
1124
225
28280
1124
216
28300
1122
202
28320
1121
192
28340
1120
176
28360
1119
163
28380
1117
146
28400
1112
133
28420
1113
123
28440
1113
113
28460
1108
96
28480
1108
87
28500
1105
77
28520
1102
67
28540
1088
62
28560
1068
60
28580
1046
52
28600
1027
47
28620
1015
43
28640
