1488
1014
27280
1472
982
27300
1449
947
27320
1424
930
27340
1400
897
27360
1378
860
27380
1365
827
27400
1355
792
27420
1347
760
27440
1338
728
27460
1319
698
27480
1296
672
27500
1275
638
27520
1252
620
27540
1231
593
27560
1206
572
27580
1179
547
27600
1147
530
27620
1120
508
27640
1096
486
27660
1071
468
27680
1043
451
27700
1009
439
27720
981
420
27740
952
406
27760
920
375
27780
892
360
27800
876
349
27820
855
330
27840
827
312
27860
814
301
27880
792
292
27900
769
276
27920
751
263
27940
728
252
27960
710
238
27980
689
234
28000
672
223
28020
655
210
28040
642
196
28060
631
188
28080
618
171
28100
615
160
28120
616
150
28140
618
137
28160
617
126
28180
616
115
28200
607
108
28220
599
99
28240
591
89
28260
590
81
28280
583
71
28300
584
63
28320
