259
1017
27280
285
977
27300
309
931
27320
328
886
27340
347
841
27360
365
799
27380
387
761
27400
407
725
27420
430
690
27440
448
658
27460
465
626
27480
478
597
27500
489
567
27520
503
540
27540
522
513
27560
533
489
27580
542
464
27600
550
441
27620
558
418
27640
560
397
27660
560
374
27680
558
353
27700
555
330
27720
552
312
27740
551
291
27760
549
270
27780
551
253
27800
550
230
27820
547
218
27840
549
202
27860
557
188
27880
556
170
27900
555
156
27920
561
142
27940
567
128
27960
575
109
27980
583
98
28000
583
83
28020
586
77
28040
596
60
28060
