1719
515
27220
1672
515
27240
1614
517
27260
1571
523
27280
1526
547
27300
1484
559
27320
1434
578
27340
1391
588
27360
1334
602
27380
1291
621
27400
1239
632
27420
1180
643
27440
1124
638
27460
1082
634
27480
1052
635
27500
1039
631
27520
1021
631
27540
1015
635
27640
1010
631
27660
1016
632
27900
1011
633
27920
996
637
27940
953
648
27960
910
652
27980
863
663
28000
823
662
28020
771
653
28040
712
652
28060
667
644
28080
610
637
28100
555
635
28120
500
627
28140
436
627
28160
385
619
28180
331
612
28200
277
601
28220
223
599
28240
169
589
28260
115
581
28280
