500
153
27720
499
174
27740
502
185
27760
503
197
27780
507
209
27800
511
223
27820
516
235
27840
518
248
27860
519
263
27880
521
275
27900
526
289
27920
532
302
27940
536
316
27960
538
332
27980
541
347
28000
546
364
28020
548
380
28040
548
397
28060
546
418
28080
545
433
28100
542
453
28120
539
470
28140
537
491
28160
534
510
28180
537
532
28200
549
542
28220
550
565
28240
549
583
28260
555
611
28280
559
632
28300
566
659
28320
571
685
28340
574
712
28360
575
736
28380
577
766
28400
571
794
28420
562
825
28440
554
853
28460
541
887
28480
519
925
28500
495
956
28520
468
995
28540
439
1031
28560
410
1071
28580
