112
966
27520
138
934
27540
159
891
27560
176
853
27580
201
815
27600
226
779
27620
252
745
27640
278
713
27660
298
682
27680
319
652
27700
338
622
27720
343
613
27740
372
601
27760
392
606
27780
407
580
27800
416
554
27820
424
529
27840
432
508
27860
442
487
27880
451
466
27900
460
446
27920
464
369
27940
477
354
27960
486
339
27980
483
337
28000
477
336
28020
476
334
28660
473
332
28680
459
333
28700
460
338
28720
459
331
28740
451
332
29380
451
336
29400
443
336
29420
440
333
29440
434
334
29460
437
340
30440
431
339
30460
432
330
30480
428
326
30500
434
313
30520
450
307
30540
452
299
30560
449
291
30580
449
283
30600
443
291
30620
438
296
30640
432
303
30660
422
301
30680
422
306
30900
426
301
30920
420
293
30940
426
286
30960
422
284
31460
425
285
31480
420
285
31620
418
283
31640
419
285
31780
411
284
31800
396
278
31820
384
279
31840
386
280
32140
392
275
32160
403
272
32180
421
280
32200
447
279
32220
460
284
32240
467
297
32260
470
308
32280
474
324
32300
489
343
32320
501
361
32340
512
381
32360
531
401
32380
551
416
32400
566
433
32420
579
456
32440
596
478
32460
610
501
32480
626
527
32500
644
549
32520
667
575
32540
689
605
32560
715
631
32580
739
658
32600
767
689
32620
800
716
32640
829
748
32660
862
778
32680
897
807
32700
939
835
32720
981
867
32740
1028
907
32760
1067
941
32780
1109
979
32800
1154
1019
32820
1199
1063
32840
