1295
94
29040
1305
111
29060
1313
118
29080
1316
124
29100
1320
135
29120
1328
143
29140
1337
152
29160
1342
157
29180
1350
166
29200
1357
179
29220
1361
189
29240
1366
191
29260
1373
206
29280
1377
220
29300
1381
217
29320
1383
224
29340
1390
244
29360
1396
244
29380
1400
256
29400
1401
265
29420
1408
274
29440
1415
283
29460
1422
295
29480
1426
310
29500
1434
319
29520
1450
317
29540
1459
330
29560
1461
341
29580
1470
360
29600
1476
367
29620
1487
384
29640
1486
397
29660
1496
408
29680
1510
427
29700
1519
439
29720
1528
451
29740
1539
471
29760
1558
485
29780
1572
500
29800
1592
514
29820
1614
531
29840
1646
544
29860
1676
548
29880
1714
552
29900
1745
559
29920
1775
562
29940
1793
566
29960
