794
1021
28560
819
1017
28580
866
988
28600
926
917
28620
969
882
28640
1013
848
28660
1047
819
28680
1084
787
28700
1120
757
28720
1157
730
28740
1183
700
28760
1207
669
28780
1232
642
28800
1256
620
28820
1284
594
28840
1299
569
28860
1314
548
28880
1339
523
28900
1363
499
28920
1389
482
28940
1413
462
28960
1438
444
28980
1456
427
29000
1474
407
29020
1496
391
29040
1517
377
29060
1544
360
29080
1570
352
29100
1597
341
29120
1617
328
29140
1632
324
29160
