726
159
28480
714
176
28500
735
183
28520
747
201
28540
754
215
28560
756
223
28580
759
238
28600
761
254
28620
761
268
28640
764
281
28660
770
296
28680
776
310
28700
778
332
28720
782
344
28740
792
357
28760
791
377
28780
793
391
28800
783
414
28820
782
428
28840
782
450
28860
783
464
28880
778
487
28900
781
497
28920
790
511
28940
796
524
28960
801
519
28980
785
521
29000
767
521
29020
747
517
29040
722
521
29060
698
521
29080
681
523
29100
662
533
29120
646
537
29140
618
547
29160
621
564
29180
610
563
29200
608
567
29220
608
550
29240
605
527
29260
610
508
29280
615
482
29300
612
467
29320
600
442
29340
590
425
29360
585
407
29380
573
392
29400
558
378
29420
532
357
29440
521
352
29460
514
350
29480
499
334
29500
503
334
29520
505
341
29560
496
324
30120
484
320
30140
475
318
30600
468
319
30620
463
319
30640
460
319
30660
441
321
30680
439
324
30700
445
326
30980
425
326
31000
416
326
31020
409
324
31040
401
323
31060
391
319
31080
384
319
31100
357
320
31680
343
323
31700
343
323
31720
350
342
32400
372
332
32420
383
342
32440
410
350
32460
438
363
32480
458
371
32500
493
383
32520
516
395
32540
544
408
32560
568
418
32580
586
434
32600
614
453
32620
636
470
32640
652
490
32660
670
506
32680
682
527
32700
697
545
32720
705
570
32740
720
583
32760
742
582
32780
759
567
32800
771
553
32820
774
568
32840
779
571
32860
781
572
32880
781
574
32900
782
576
32920
773
593
33020
778
612
33040
794
636
33060
834
656
33080
872
669
33100
926
687
33120
980
699
33140
1027
718
33160
1074
742
33180
1119
757
33200
1160
786
33220
1193
819
33240
1229
845
33260
1265
882
33280
1297
918
33300
1338
954
33320
1371
992
33340
1403
1029
33360
1445
1068
33380
