1300
1012
28500
1277
975
28520
1253
939
28540
1228
901
28560
1209
865
28580
1189
835
28600
1172
801
28620
1161
768
28640
1146
740
28660
1131
709
28680
1130
672
28700
1110
638
28720
1086
627
28740
1056
573
28780
1040
547
28800
1018
526
28820
995
506
28840
966
488
28860
937
471
28880
915
449
28900
895
431
28920
881
414
28940
866
395
28960
846
380
28980
829
367
29000
806
349
29020
782
332
29040
763
322
29060
738
306
29080
718
293
29100
703
282
29120
690
264
29140
673
255
29160
655
238
29180
645
231
29200
638
213
29220
628
203
29240
623
190
29260
620
177
29280
621
167
29300
622
152
29320
624
142
29340
624
134
29360
621
121
29380
619
110
29400
617
99
29420
617
89
29440
620
81
29460
626
71
29480
639
68
29500
