678
171
28960
671
189
28980
654
202
29000
642
210
29020
630
226
29040
625
236
29060
625
259
29080
619
273
29100
607
283
29120
587
307
29140
569
321
29160
559
336
29180
543
354
29200
529
369
29220
523
393
29240
510
410
29260
501
435
29280
494
465
29300
483
476
29320
468
503
29340
464
531
29360
455
559
29380
446
591
29400
433
614
29420
424
645
29440
410
676
29460
406
702
29480
400
736
29500
382
766
29520
359
802
29540
348
847
29560
331
879
29580
298
927
29600
278
965
29620
242
1015
29640
213
1058
29660
209
1065
29680
