328
1021
28220
322
1011
28240
344
969
28260
368
924
28280
381
886
28300
404
850
28320
425
820
28340
463
749
28360
465
716
28380
468
686
28400
472
656
28420
481
629
28440
486
602
28460
484
574
28480
496
548
28500
502
523
28520
508
502
28540
514
471
28560
526
452
28580
534
432
28600
545
404
28620
546
385
28640
551
372
28660
560
348
28680
570
335
28700
578
314
28720
583
299
28740
592
281
28760
589
270
28780
585
249
28800
584
240
28820
578
222
28840
574
214
28860
572
200
28880
570
186
28900
570
173
28920
571
160
28940
574
144
28960
577
132
28980
577
124
29000
573
106
29020
567
97
29040
565
89
29060
561
77
29080
559
66
29100
555
58
29120
553
55
29140
549
55
29160
