1503
1021
30680
1477
985
30700
1458
946
30720
1440
908
30740
1415
874
30760
1392
832
30780
1389
806
30800
1386
782
30820
1379
748
30840
1376
717
30860
1367
693
30880
1366
671
30900
1362
641
30920
1362
621
30940
1348
589
30960
1345
565
30980
1345
546
31000
1345
525
31020
1339
501
31040
1336
483
31060
1324
461
31080
1306
442
31100
1292
420
31120
1283
406
31140
1278
389
31160
1277
368
31180
1277
347
31200
1277
332
31220
1281
320
31240
1278
301
31260
1278
289
31280
1276
271
31300
1271
260
31320
1281
242
31340
1287
225
31360
1301
218
31380
1313
204
31400
1324
206
31420
1338
191
31440
1345
181
31460
1345
171
31480
1341
160
31500
1337
147
31520
1334
138
31540
1340
126
31560
1340
115
31580
1333
107
31600
1332
96
31620
1329
90
31640
1329
81
31660
1319
73
31680
1306
70
31700
1292
66
31780
