1499
187
30160
1480
203
30180
1455
233
30200
1432
241
30220
1404
261
30240
1387
245
30260
1368
261
30280
1352
274
30300
1334
286
30320
1322
305
30340
1309
320
30360
1298
339
30380
1276
352
30400
1258
374
30420
1242
392
30440
1225
414
30460
1202
436
30480
1182
457
30500
1162
479
30520
1148
503
30540
1131
524
30560
1109
558
30580
1092
578
30600
1074
608
30620
1047
636
30640
1017
653
30660
978
690
30680
944
713
30700
909
747
30720
872
778
30740
828
807
30760
781
843
30780
740
871
30800
700
904
30820
653
942
30840
607
990
30860
565
1023
30880
514
1064
30900
