472
205
31280
463
224
31300
460
238
31320
459
250
31340
456
259
31360
456
262
31380
457
262
31400
461
262
31420
462
261
31440
462
261
31460
460
261
31480
458
263
31500
459
263
31520
459
263
31540
459
263
31560
459
263
31580
459
263
31600
459
263
31620
460
263
31640
460
264
31660
460
263
31680
460
263
31700
460
263
31720
461
263
31740
461
263
31760
440
268
31920
439
266
31980
449
267
32040
439
266
32220
423
271
32340
428
264
32540
436
290
33060
438
315
33100
422
331
33120
403
334
33140
383
329
33160
379
330
33180
374
333
33200
375
333
33340
369
328
34400
355
334
34420
343
327
34440
343
326
34460
360
341
34780
393
355
34800
427
364
34820
461
377
34840
481
382
34860
506
389
34880
547
393
34900
607
410
34920
684
427
34940
751
438
34960
820
457
34980
883
472
35000
940
492
35020
997
519
35040
1043
552
35060
1078
586
35080
1109
618
35100
1144
653
35120
1194
705
35140
1254
751
35160
1319
803
35180
1379
871
35200
1441
937
35220
1489
1017
35240
1532
1075
35260
