1485
236
30980
1465
235
31000
1450
259
31020
1434
273
31040
1418
280
31060
1402
293
31080
1387
311
31100
1381
322
31120
1369
337
31140
1364
355
31160
1356
374
31180
1337
386
31200
1318
402
31220
1304
415
31240
1289
436
31260
1278
464
31280
1253
478
31300
1242
497
31320
1202
541
31360
1197
560
31380
1184
587
31400
1164
606
31420
1146
637
31440
1119
658
31460
1098
686
31480
1075
711
31500
1052
740
31520
1015
769
31540
990
796
31560
958
827
31580
920
858
31600
881
887
31620
849
922
31640
804
949
31660
757
980
31680
730
1017
31700
687
1048
31720
