1202
74
32020
1199
74
32040
1202
80
32060
1210
88
32080
1214
104
32100
1217
120
32120
1222
130
32140
1219
138
32160
1219
164
32200
1219
167
32220
1222
187
32240
1223
194
32260
1213
210
32280
1198
224
32300
1188
233
32320
1180
246
32340
1160
261
32360
1148
266
32380
1131
279
32400
1115
287
32420
1088
296
32440
1066
307
32460
1043
320
32480
1022
330
32500
996
343
32520
972
352
32540
947
369
32560
919
384
32580
896
394
32600
854
425
32640
823
430
32660
801
445
32680
792
462
32700
778
471
32720
762
489
32740
740
516
32760
721
530
32780
707
557
32800
687
580
32820
663
602
32840
645
627
32860
628
652
32880
613
682
32900
594
705
32920
575
739
32940
557
771
32960
533
803
32980
513
838
33000
485
874
33020
470
908
33040
444
939
33060
422
982
33080
391
1021
33100
371
1058
33120
363
1070
33140
