330
1032
32940
347
995
32960
365
962
32980
382
930
33000
392
901
33020
402
861
33040
421
826
33060
443
796
33080
463
772
33100
463
739
33120
482
709
33140
496
658
33180
507
626
33200
504
599
33220
524
577
33240
527
555
33260
532
532
33280
540
484
33320
541
465
33340
547
445
33360
552
426
33380
556
404
33400
545
385
33420
550
376
33440
553
351
33480
555
339
33500
563
306
33520
574
275
33560
578
259
33580
584
247
33600
594
226
33640
595
214
33660
599
201
33680
597
184
33700
597
173
33720
592
162
33740
602
155
33760
596
133
33780
601
133
33800
602
122
33820
598
108
33840
598
97
33880
597
90
33900
606
75
33920
606
65
33940
597
60
33960
597
57
34000
603
56
34040
