443
147
32420
440
155
32440
446
181
32460
448
182
32480
447
184
32500
447
174
32520
448
174
32540
455
182
32560
455
181
32580
456
180
32600
457
173
32620
459
173
32640
461
176
32660
457
174
32680
454
177
32700
452
178
32720
452
177
32740
453
177
32760
452
178
32780
453
177
32800
454
176
32820
453
177
32840
453
177
32860
453
177
32880
453
177
32900
458
161
34060
461
177
34080
463
188
34100
470
210
34140
474
230
34160
485
243
34180
487
263
34200
490
271
34220
501
283
34240
514
304
34260
519
311
34280
519
325
34300
526
353
34320
526
364
34340
523
386
34360
527
400
34380
531
424
34400
535
444
34420
531
454
34440
542
486
34460
539
512
34480
546
534
34500
556
554
34520
562
580
34540
568
596
34560
568
628
34580
570
664
34600
576
688
34620
585
714
34640
587
745
34660
598
777
34680
617
817
34700
620
847
34720
630
883
34740
642
923
34760
644
958
34780
646
1000
34800
652
1040
34820
652
1063
34840
