1153
85
32180
1157
99
32200
1168
111
32220
1172
127
32240
1181
138
32260
1189
154
32280
1197
167
32300
1197
182
32320
1188
198
32340
1174
211
32360
1159
227
32380
1142
244
32400
1130
255
32420
1112
271
32440
1097
288
32460
1084
306
32480
1068
324
32500
1058
326
32520
1033
348
32540
1002
366
32560
975
383
32580
951
405
32600
918
423
32620
890
438
32640
853
459
32660
821
479
32680
787
502
32700
754
526
32720
711
546
32740
691
570
32760
659
597
32780
638
630
32800
627
670
32820
597
707
32840
575
745
32860
551
788
32880
530
830
32900
504
875
32920
477
917
32940
441
965
32960
407
1020
32980
368
1067
33000
