1216
84
33580
1213
95
33600
1213
107
33620
1228
109
33640
1233
124
33660
1236
133
33680
1244
151
33700
1246
162
33720
1256
168
33740
1265
181
33760
1270
192
33780
1292
218
33820
1296
229
33840
1303
247
33860
1308
258
33880
1316
265
33900
1324
282
33920
1331
295
33940
1339
310
33960
1345
327
33980
1334
338
34000
1330
350
34020
1316
366
34040
1314
380
34060
1313
396
34080
1317
422
34100
1312
443
34120
1320
458
34140
1327
478
34160
1339
504
34180
1345
524
34200
1356
545
34220
1359
569
34240
1376
595
34260
1384
622
34280
1392
643
34300
1393
669
34320
1402
704
34340
1415
730
34360
1424
769
34380
1443
795
34400
1452
825
34420
1470
862
34440
1494
897
34460
1515
934
34480
1533
971
34500
1556
1016
34520
1585
1056
34540
