1706
515
34920
1680
505
34940
1658
496
34960
1634
481
34980
1617
468
35000
1596
452
35020
1581
434
35040
1556
421
35060
1529
406
35080
1520
391
35100
1511
378
35120
1494
368
35140
1491
354
35160
1480
336
35180
1478
326
35200
1463
320
35220
1455
306
35240
1454
291
35260
1446
281
35280
1438
271
35300
1436
262
35320
1436
250
35340
1430
241
35360
1425
228
35380
1420
224
35400
1419
210
35420
1410
201
35440
1403
199
35460
1398
190
35480
1381
182
35500
1370
166
35540
1367
159
35560
1367
151
35580
1359
144
35600
1355
134
35620
1355
128
35640
1350
121
35660
1347
111
35680
1336
99
35700
1334
97
35720
1330
88
35740
1319
80
35760
1316
73
35780
1305
69
35800
1305
68
35820
1290
68
35900
