163
1023
33820
196
1023
33840
262
938
33860
317
908
33880
378
867
33900
442
840
33920
475
809
33940
523
766
33960
553
730
33980
583
697
34000
603
662
34020
621
635
34040
644
603
34060
669
574
34080
686
552
34100
707
533
34120
735
527
34140
774
512
34160
809
496
34180
853
493
34220
871
429
34240
871
406
34260
873
390
34280
873
369
34300
865
346
34320
860
327
34340
855
314
34360
840
290
34380
828
279
34400
811
268
34420
801
263
34440
785
253
34460
780
250
34480
789
253
34520
798
260
34540
819
275
34560
836
286
34580
866
306
34600
896
317
34620
934
328
34640
962
342
34660
1027
384
34700
1050
400
34720
1073
425
34740
1097
448
34760
1124
463
34780
1152
488
34800
1179
504
34820
1214
524
34840
1241
557
34860
1268
580
34880
1301
601
34900
1328
634
34920
1359
666
34940
1400
705
34960
1424
737
34980
1455
779
35000
1470
817
35020
1490
859
35040
1494
903
35060
1504
948
35080
1521
999
35100
1540
1051
35120
