607
185
34740
616
195
34760
622
209
34780
627
220
34800
634
235
34820
642
250
34840
649
266
34860
657
281
34880
665
298
34900
671
314
34920
680
332
34940
691
348
34960
708
366
34980
734
380
35000
762
396
35020
792
410
35040
825
425
35060
865
438
35080
902
452
35100
940
465
35120
976
478
35140
1006
496
35160
1032
519
35180
1056
544
35200
1076
574
35220
1092
599
35240
1102
632
35260
1114
656
35280
1134
690
35300
1157
726
35320
1176
764
35340
1201
795
35360
1216
828
35380
1243
870
35400
1263
908
35420
1275
946
35440
1292
995
35460
1314
1043
35480
