226
999
35520
268
906
35540
280
820
35560
282
743
35580
292
675
35600
318
614
35620
351
557
35640
371
514
35660
384
475
35680
395
445
35700
408
420
35720
422
399
35740
436
377
35760
449
356
35780
458
342
35800
461
328
35820
464
316
35840
476
308
35860
485
294
35880
486
280
35900
484
272
35920
473
267
35940
468
263
35960
455
259
35980
450
252
36000
452
250
36020
455
249
36040
454
248
36060
454
254
36080
450
257
36100
446
258
36120
448
258
36140
448
256
36160
447
253
36180
449
254
36200
444
255
36220
445
257
36240
448
254
36260
447
254
36280
447
255
36300
447
255
36320
438
250
36360
441
245
36380
444
247
36400
445
251
36520
444
252
36540
444
253
36560
425
257
36580
412
256
36600
407
259
36620
402
272
36640
400
271
36660
411
258
36680
408
257
36700
410
258
36900
410
260
36920
408
261
36940
408
262
36960
408
256
36980
412
257
37000
402
269
37020
407
259
37120
415
258
37140
413
256
37160
406
260
37520
388
260
37540
385
258
37560
384
256
37580
389
257
38280
393
254
38300
386
259
38320
391
255
38380
412
251
38400
460
245
38420
550
238
38440
650
246
38460
758
248
38480
871
240
38500
979
230
38520
1080
217
38540
1157
201
38560
1209
178
38580
1243
153
38600
1281
132
38620
1309
107
38640
1336
84
38660
1365
86
38680
