1091
1007
36740
1047
1001
36760
982
927
36780
925
891
36800
871
859
36820
817
825
36840
761
791
36860
713
763
36880
669
733
36900
628
701
36920
583
675
36940
546
650
36960
507
618
36980
477
592
37000
451
562
37020
419
538
37040
396
520
37060
361
503
37080
323
487
37100
298
463
37120
272
462
37140
260
454
37160
255
454
37180
278
455
37200
308
449
37220
337
432
37240
364
407
37260
393
385
37280
425
369
37300
458
350
37320
492
333
37340
505
309
37360
509
293
37380
503
272
37400
502
255
37420
495
238
37440
497
218
37460
489
203
37480
481
171
37520
476
158
37540
475
143
37560
471
130
37580
468
115
37600
466
102
37620
473
91
37640
476
77
37660
484
67
37680
487
59
37700
494
59
37720
