274
942
36160
311
837
36180
348
746
36200
386
665
36220
413
598
36240
441
532
36260
460
478
36280
471
429
36300
480
384
36320
487
349
36340
495
316
36360
497
297
36380
500
280
36400
476
275
36420
453
273
36440
437
281
36460
430
299
36480
425
290
36500
433
273
36520
436
273
36540
438
267
36560
441
266
36580
432
265
36600
431
263
36620
430
269
36700
429
260
36720
434
265
36940
430
268
36960
429
272
36980
417
267
37000
408
269
37020
401
269
37040
402
267
37060
398
266
37800
388
268
37820
384
270
37840
394
266
37860
394
265
37940
395
267
37960
394
268
38000
394
267
38020
396
267
38040
394
267
38060
390
267
38080
388
266
38100
389
266
38120
391
265
38140
384
270
38160
376
272
38180
371
275
38200
380
274
38220
385
272
38240
390
272
38260
390
271
38280
392
267
38300
390
272
38320
392
271
38340
392
271
38360
393
271
38380
393
270
38400
392
271
38440
392
270
38460
392
271
38480
396
271
38500
396
270
38520
392
271
38540
394
273
38560
394
269
38580
396
271
38600
398
272
38620
396
273
38640
396
273
39780
394
273
39800
391
273
39820
392
270
39840
391
270
39860
393
271
40140
385
274
40160
377
273
40180
402
285
40980
452
286
41000
521
277
41020
549
303
41040
568
330
41060
578
361
41080
579
399
41100
587
444
41120
605
471
41140
618
493
41160
639
509
41180
664
521
41200
682
531
41220
689
557
41240
694
581
41260
710
616
41280
740
641
41300
794
655
41320
864
668
41340
933
701
41360
1017
736
41380
1107
767
41400
1200
805
41420
1291
860
41440
1382
920
41460
1453
1002
41480
