1732
1027
36720
1690
990
36740
1646
989
36760
1608
944
36780
1565
908
36800
1531
881
36820
1503
858
36840
1463
795
36860
1440
762
36880
1406
729
36900
1366
704
36920
1327
675
36940
1293
649
36960
1242
627
36980
1211
602
37000
1181
575
37020
1159
548
37040
1134
521
37060
1103
499
37080
1083
469
37100
1064
444
37120
1044
417
37140
1020
403
37160
994
377
37180
967
357
37200
948
335
37220
919
322
37240
887
308
37260
860
286
37280
829
274
37300
800
264
37320
774
256
37340
748
236
37360
729
225
37380
702
210
37400
680
195
37420
649
185
37440
628
177
37460
617
166
37480
603
156
37500
596
142
37520
591
130
37540
587
114
37560
586
104
37580
580
92
37600
584
82
37620
586
71
37640
588
59
37660
584
60
37680
578
60
37700
