1275
82
36240
1284
87
36260
1295
100
36280
1309
116
36300
1324
129
36320
1333
145
36340
1344
157
36360
1349
175
36380
1359
188
36400
1368
209
36420
1375
223
36440
1383
241
36460
1391
260
36480
1405
279
36500
1414
302
36520
1428
325
36540
1443
348
36560
1463
367
36580
1485
392
36600
1499
417
36620
1519
438
36640
1540
468
36660
1561
491
36680
1582
513
36700
1605
536
36720
1637
564
36740
1676
581
36760
1718
597
36780
1766
607
36800
