760
1016
37040
811
988
37060
862
961
37080
905
937
37100
953
911
37120
992
890
37140
1036
862
37160
1077
837
37180
1110
821
37200
1148
800
37220
1173
778
37240
1206
758
37260
1244
746
37280
1285
728
37300
1326
712
37320
1360
696
37340
1396
685
37360
1436
668
37380
1473
659
37400
1510
640
37420
1541
630
37440
1575
620
37460
1601
603
37480
1634
592
37500
1672
582
37520
1707
573
37540
1739
571
37560
1772
569
37580
1792
585
37600
