534
1033
36880
561
1014
36900
585
978
36920
608
946
36940
636
911
36960
663
880
36980
687
848
37000
710
818
37020
735
791
37040
759
770
37060
788
746
37080
819
725
37100
845
703
37120
863
688
37140
881
676
37160
888
671
37180
888
671
37200
889
669
37220
892
670
37240
906
668
37260
922
672
37280
940
668
37300
954
667
37320
962
664
37340
965
663
37360
963
646
37600
967
644
37620
985
637
37640
1005
634
37660
1036
632
37680
1053
622
37700
1073
613
37720
1071
608
37740
1074
617
37760
1061
630
37780
1042
640
37800
1010
645
37820
982
645
37840
963
643
37860
963
643
37880
967
646
37900
941
652
37920
910
660
37940
861
661
37960
823
661
37980
776
652
38000
745
642
38020
722
626
38040
711
606
38060
700
582
38080
696
564
38100
676
542
38120
667
524
38140
658
507
38160
652
495
38180
645
475
38200
643
457
38220
646
438
38240
646
419
38260
649
405
38280
654
388
38300
656
371
38320
654
355
38340
646
341
38360
638
323
38380
625
308
38400
614
296
38420
609
284
38440
597
269
38460
582
260
38480
567
245
38500
549
235
38520
538
224
38540
533
212
38560
529
201
38580
519
191
38600
514
179
38620
503
170
38640
497
162
38660
489
151
38680
483
140
38700
481
131
38720
478
115
38740
477
116
38760
482
100
38780
478
93
38800
485
83
38820
487
76
38840
484
69
38860
486
60
38880
492
72
38900
