716
1046
36800
775
1012
36820
830
973
36840
880
936
36860
928
898
36880
977
864
36900
1019
832
36920
1058
800
36940
1100
770
36960
1141
741
36980
1168
712
37000
1186
676
37020
1203
643
37040
1220
614
37060
1236
581
37080
1245
554
37100
1260
527
37120
1269
500
37140
1279
475
37160
1281
448
37180
1288
425
37200
1291
400
37220
1296
375
37240
1300
355
37260
1306
335
37280
1316
315
37300
1316
301
37320
1324
280
37340
1328
258
37360
1329
246
37380
1326
233
37400
1319
213
37420
1317
199
37440
1312
183
37460
1308
168
37480
1304
154
37500
1299
141
37520
1294
128
37540
1292
114
37560
1291
102
37580
1285
88
37600
1285
80
37620
1282
66
37640
1282
71
37660
