1192
1033
37080
1166
1034
37100
1120
1006
37120
1070
987
37140
1026
962
37160
983
942
37180
930
888
37200
909
875
37220
882
871
37240
871
864
37260
882
850
39980
875
841
40000
868
837
40020
865
841
40060
867
841
40080
866
838
40100
868
839
40200
874
836
40220
858
821
40240
852
813
40260
833
793
40280
814
771
40300
775
749
40320
727
725
40340
678
706
40360
629
691
40380
577
669
40400
533
654
40420
479
638
40440
429
629
40460
375
615
40480
319
612
40500
269
600
40520
220
590
40540
169
584
40560
115
574
40580
65
560
40600
20
549
40620
