1055
132
38640
1051
139
38660
1056
152
38680
1058
165
38700
1061
174
38720
1059
187
38740
1061
201
38760
1061
221
38780
1066
232
38800
1071
244
38820
1080
258
38840
1090
269
38860
1100
279
38880
1110
290
38900
1121
300
38920
1132
314
38940
1144
328
38960
1156
343
38980
1164
362
39000
1178
371
39020
1190
386
39040
1199
400
39060
1215
418
39080
1217
430
39100
1224
449
39120
1233
436
39140
1237
453
39160
1250
462
39180
1263
486
39200
1274
504
39220
1287
520
39240
1289
537
39260
1296
557
39280
1299
581
39300
1309
598
39320
1320
618
39340
1328
642
39360
1338
662
39380
1345
682
39400
1347
708
39420
1358
730
39440
1363
753
39460
1376
777
39480
1382
806
39500
1394
837
39520
1417
870
39540
1436
901
39560
1459
934
39580
1486
970
39600
1504
1005
39620
1525
1043
39640
