513
165
38120
516
198
38140
524
207
38160
530
221
38180
538
233
38200
547
247
38220
551
262
38240
556
276
38260
561
293
38280
565
309
38300
568
325
38320
567
343
38340
561
360
38360
550
379
38380
540
399
38400
528
417
38420
518
439
38440
509
461
38460
502
482
38480
496
508
38500
491
531
38520
482
554
38540
473
582
38560
464
605
38580
452
632
38600
448
639
38620
430
668
38640
418
701
38660
398
736
38680
383
766
38700
364
807
38720
345
841
38740
325
875
38760
300
918
38780
276
961
38800
254
1003
38820
233
1050
38840
