596
218
38440
625
230
38460
656
242
38480
691
250
38500
720
256
38520
750
273
38540
792
284
38560
827
293
38580
865
308
38600
902
317
38620
941
330
38640
988
338
38660
1019
358
38680
1058
369
38700
1097
386
38720
1141
394
38740
1179
416
38760
1227
429
38780
1262
445
38800
1310
465
38820
1359
477
38840
1405
493
38860
1455
505
38880
1505
519
38900
1557
533
38920
1610
540
38940
1657
546
38960
1708
555
38980
1758
562
39000
1793
568
39020
