546
176
38800
561
184
38820
573
202
38840
588
218
38860
604
228
38880
627
243
38900
656
255
38920
683
263
38940
715
276
38960
749
284
38980
787
296
39000
828
304
39020
867
313
39040
903
326
39060
936
339
39080
973
352
39100
1018
367
39120
1061
377
39140
1104
389
39160
1148
405
39180
1192
414
39200
1239
432
39220
1283
449
39240
1324
464
39260
1369
478
39280
1415
496
39300
1470
513
39320
1519
531
39340
1562
550
39360
1613
567
39380
1660
578
39400
1707
600
39420
1746
625
39440
1782
661
39460
