689
1023
39460
743
992
39480
799
955
39500
851
928
39520
906
886
39540
947
856
39560
980
821
39580
1011
787
39600
1027
753
39620
1052
721
39640
1082
684
39660
1107
656
39680
1133
633
39700
1157
610
39720
1177
583
39740
1198
557
39760
1216
533
39780
1241
509
39800
1264
488
39820
1287
465
39840
1298
444
39860
1306
421
39880
1310
400
39900
1306
378
39920
1300
360
39940
1295
342
39960
1296
322
39980
1303
302
40000
1314
286
40020
1329
271
40040
1335
256
40060
1346
242
40080
1357
223
40100
1359
211
40120
1364
193
40140
1367
180
40160
1368
165
40180
1365
157
40200
1361
144
40220
1355
129
40240
1350
117
40260
1349
104
40280
1341
90
40300
1337
80
40320
1330
74
40340
1324
83
40360
