468
125
39560
485
148
39580
506
149
39600
526
126
39620
538
132
39640
551
130
39660
560
135
39680
565
141
39700
565
152
39720
570
158
39740
567
166
39760
572
176
39780
578
187
39800
580
195
39820
583
204
39840
589
218
39860
590
222
39880
591
236
39900
591
247
39920
588
260
39940
586
273
39960
585
287
39980
582
299
40000
569
312
40020
556
325
40040
544
337
40060
532
352
40080
520
367
40100
515
383
40120
510
397
40140
499
413
40160
494
430
40180
486
449
40200
471
467
40220
467
484
40240
459
499
40260
450
521
40280
443
542
40300
437
559
40320
437
580
40340
426
598
40360
424
619
40380
421
647
40400
414
680
40420
406
696
40440
401
720
40460
386
744
40480
376
774
40500
366
799
40520
350
829
40540
332
863
40560
322
897
40580
309
923
40600
282
958
40620
254
996
40640
238
1028
40660
212
1063
40680
