415
1034
40620
429
1007
40640
451
983
40660
466
962
40680
482
934
40700
506
909
40720
522
894
40740
551
868
40760
565
850
40780
584
822
40800
600
796
40820
621
785
40840
638
764
40860
647
739
40880
662
719
40900
680
698
40920
683
679
40940
698
659
40960
710
640
40980
720
636
41000
732
632
41020
728
618
41040
744
613
41060
744
606
41080
750
589
41180
759
577
41200
766
571
41220
757
562
41460
768
555
41640
782
541
41700
793
540
41720
798
517
41860
807
505
41880
817
489
41900
837
481
41920
854
478
41940
871
461
41960
887
463
41980
899
456
42000
908
450
42020
921
447
42040
925
442
42060
933
447
42200
959
457
42220
983
467
42240
1003
483
42260
1021
494
42280
1038
516
42300
1045
537
42320
1052
554
42340
1060
569
42360
1062
589
42380
1064
615
42400
1071
636
42420
1065
657
42440
1061
678
42460
1052
701
42480
1032
724
42500
1021
745
42520
1008
773
42540
990
797
42560
969
816
42580
947
834
42600
920
854
42620
895
872
42640
878
892
42660
852
919
42960
832
937
42980
806
960
43000
781
980
43020
755
1003
43040
737
1025
43060
706
1046
43080
689
1064
43100
682
1071
43120
685
1076
43140
