1060
145
41620
1062
181
41640
1065
196
41660
1076
216
41680
1085
235
41700
1106
247
41720
1125
260
41740
1147
275
41760
1167
295
41780
1187
307
41800
1207
325
41820
1229
339
41840
1257
360
41860
1279
369
41880
1310
395
41900
1337
416
41920
1364
435
41940
1392
458
41960
1419
474
41980
1447
497
42000
1479
524
42020
1510
539
42040
1542
570
42060
1582
592
42080
1623
615
42100
1670
612
42120
1722
634
42140
1766
646
42160
1785
651
42180
