766
1019
41100
815
997
41120
863
937
41140
909
898
41160
948
857
41180
990
821
41200
1030
782
41220
1064
744
41240
1099
715
41260
1133
678
41280
1164
649
41300
1184
610
41320
1206
584
41340
1231
553
41360
1249
528
41380
1270
499
41400
1283
473
41420
1303
451
41440
1319
428
41460
1340
404
41480
1353
388
41500
1369
368
41520
1380
349
41540
1380
329
41560
1381
310
41580
1397
287
41600
1407
268
41620
1417
251
41640
1433
235
41660
1471
227
41680
1505
227
41700
1517
227
41720
