452
1021
41760
479
969
41780
504
919
41800
531
874
41820
556
826
41840
568
778
41860
583
740
41880
599
697
41900
611
662
41920
631
627
41940
636
594
41960
651
564
41980
664
530
42000
674
501
42020
689
469
42040
708
444
42060
721
422
42080
724
395
42100
732
369
42120
729
348
42140
737
325
42160
737
300
42180
740
284
42200
744
262
42220
743
244
42240
749
230
42260
748
210
42280
748
194
42300
749
178
42320
742
156
42340
745
141
42360
745
134
42380
746
122
42400
748
110
42420
751
100
42440
758
92
42460
753
82
42480
766
75
42500
770
69
42520
780
54
42540
795
46
42560
809
47
42580
827
46
42600
844
40
42620
