1568
366
42080
1532
384
42100
1490
386
42120
1443
381
42140
1398
376
42160
1356
371
42180
1314
367
42200
1268
360
42220
1210
323
42240
1162
316
42260
1113
317
42280
1070
305
42300
1020
299
42320
981
293
42340
944
283
42360
905
274
42380
866
265
42400
828
252
42420
794
251
42440
762
237
42460
732
225
42480
704
218
42500
671
212
42520
644
204
42540
624
193
42560
600
179
42580
588
161
42600
578
151
42620
572
142
42640
570
128
42660
554
117
42680
548
104
42700
548
90
42720
552
81
42740
554
73
42760
552
67
42780
552
62
42800
556
53
42820
549
57
42840
