1576
305
42840
1531
302
42860
1489
295
42880
1444
288
42900
1399
279
42920
1353
276
42940
1314
273
42960
1271
270
42980
1227
270
43000
1183
262
43020
1141
260
43040
1097
255
43060
1053
251
43080
1006
248
43100
963
241
43120
918
232
43140
874
231
43160
832
222
43180
797
221
43200
755
219
43220
713
207
43240
684
201
43260
654
184
43280
631
175
43300
622
149
43320
622
144
43340
622
135
43360
630
125
43380
630
114
43400
635
106
43420
642
104
43440
655
96
43460
659
93
43480
