537
93
42980
543
101
43000
548
105
43020
556
122
43040
563
131
43060
567
142
43080
570
149
43100
563
158
43120
568
165
43140
580
179
43160
583
182
43180
591
197
43200
589
210
43220
596
216
43240
606
229
43260
622
243
43280
627
249
43300
642
262
43320
654
274
43340
668
284
43360
674
298
43380
675
309
43400
692
323
43420
707
337
43440
723
350
43460
740
357
43480
767
377
43500
786
383
43520
814
397
43540
840
414
43560
859
428
43580
888
435
43600
916
455
43620
939
461
43640
962
480
43660
987
494
43680
1019
508
43700
1035
528
43720
1054
549
43740
1068
564
43760
1087
588
43780
1106
603
43800
1124
626
43820
1145
653
43840
1171
677
43860
1184
699
43880
1206
723
43900
1228
740
43920
1253
769
43940
1287
801
43960
1315
815
43980
1340
848
44000
1364
874
44020
1395
906
44040
1428
933
44060
1451
951
44080
