286
1013
42940
286
982
42960
299
928
42980
315
889
43000
332
839
43020
345
799
43040
359
761
43060
379
722
43080
401
686
43100
422
651
43120
443
622
43140
463
592
43160
486
565
43180
512
551
43200
556
502
43220
581
482
43240
607
458
43260
637
438
43280
655
410
43300
672
397
43320
685
373
43340
697
354
43360
710
332
43380
716
314
43400
725
298
43420
728
279
43440
735
263
43460
743
244
43480
743
227
43500
747
209
43520
752
196
43540
752
177
43560
751
164
43580
753
148
43600
754
142
43620
753
128
43640
758
114
43660
759
105
43680
755
90
43700
760
81
43720
769
69
43740
783
60
43760
800
55
43780
815
46
43800
829
48
43820
840
45
43840
