576
1026
42880
622
987
42900
661
945
42920
702
895
42940
742
868
42960
781
830
42980
831
804
43000
883
772
43020
931
750
43040
965
716
43060
997
685
43080
1028
658
43100
1052
628
43120
1070
597
43140
1088
567
43160
1097
542
43180
1109
512
43200
1121
490
43220
1132
466
43240
1137
441
43260
1145
417
43280
1152
395
43300
1159
375
43320
1170
356
43340
1182
338
43360
1201
322
43380
1218
308
43400
1236
290
43420
1247
274
43440
1253
255
43460
1267
243
43480
1279
231
43500
1274
215
43520
1267
200
43540
1256
185
43560
1244
168
43580
1237
155
43600
1221
144
43620
1215
133
43640
1201
117
43660
1196
108
43680
1184
93
43700
1180
85
43720
1169
76
43740
1155
81
43760
