1600
404
42880
1562
414
42900
1530
433
42920
1494
449
42940
1467
462
42960
1432
481
42980
1403
491
43000
1371
515
43020
1335
533
43040
1297
553
43060
1273
576
43080
1231
596
43100
1192
616
43120
1149
634
43140
1108
658
43160
1069
681
43180
1027
707
43200
975
734
43220
925
757
43240
878
791
43260
828
814
43280
784
845
43300
729
871
43320
679
910
43340
624
941
43360
564
973
43380
511
1005
43400
448
1047
43420
403
1071
43440
