1602
389
43380
1565
387
43400
1527
403
43420
1495
419
43440
1466
429
43460
1426
446
43480
1394
459
43500
1357
479
43520
1327
496
43540
1294
519
43560
1261
539
43580
1225
555
43600
1186
580
43620
1155
603
43640
1112
623
43660
1068
643
43680
1028
662
43700
993
683
43720
961
701
43740
917
708
43760
887
694
45040
849
685
45060
812
685
45080
768
684
45100
732
678
45120
691
675
45140
649
662
45160
610
657
45180
566
646
45200
522
642
45220
476
635
45240
446
622
45260
411
616
45280
374
611
45300
339
604
45320
294
602
45340
260
593
45360
220
588
45380
183
581
45400
141
567
45420
101
563
45440
62
558
45460
22
554
45480
3
551
45500
