602
1043
43300
646
1016
43320
688
993
43340
728
983
43360
771
961
43380
822
952
43400
874
933
43420
918
914
43440
957
897
43460
1003
877
43480
1046
864
43500
1078
847
43520
1119
832
43540
1158
818
43560
1187
801
43580
1220
781
43600
1255
764
43620
1286
752
43640
1320
738
43660
1351
721
43680
1389
711
43700
1416
698
43720
1447
687
43740
1482
670
43760
1517
660
43780
1547
655
43800
1582
640
43820
1616
634
43840
1652
631
43860
1684
627
43880
1717
625
43900
1751
625
43920
1779
623
43940
1789
623
43960
