1581
375
43600
1540
388
43620
1504
378
43640
1468
366
43660
1429
354
43680
1388
351
43700
1346
344
43720
1307
333
43740
1264
328
43760
1226
318
43780
1185
310
43800
1145
303
43820
1103
297
43840
1064
291
43860
1025
283
43880
990
277
43900
950
269
43920
915
264
43940
879
258
43960
847
251
43980
812
245
44000
781
236
44020
749
229
44040
716
222
44060
687
216
44080
662
199
44100
640
186
44120
626
181
44140
618
166
44160
614
153
44180
604
143
44200
601
130
44220
609
119
44240
615
113
44260
621
96
44280
620
89
44300
620
74
44320
628
68
44340
624
63
44360
622
61
44380
