155
1040
43280
161
1032
43300
175
1021
43320
192
1004
43340
196
1002
43360
199
989
43380
207
980
43400
211
980
43420
211
986
43440
207
970
43460
203
951
43480
209
927
43500
224
922
43520
236
902
43540
261
886
43560
288
881
43580
316
855
43600
336
830
43620
346
805
43640
361
780
43660
381
759
43680
396
736
43700
414
715
43720
428
690
43740
439
664
43760
446
614
43780
461
596
43800
472
580
43820
482
568
43840
496
548
43860
509
532
43880
522
525
43900
543
522
43920
567
521
43940
596
528
43960
604
531
43980
622
536
44000
641
535
44020
657
548
44040
671
549
44060
683
546
44080
690
547
44100
702
546
44120
714
546
44140
720
545
44160
737
539
44300
747
541
44320
758
537
44340
776
542
44640
793
540
44660
820
513
44840
814
497
44860
822
478
44880
823
463
44900
826
447
44920
827
433
44940
816
418
44960
807
403
44980
792
392
45000
776
384
45020
761
373
45040
751
369
45060
735
358
45080
720
349
45100
705
345
45120
692
341
45140
675
333
45160
657
331
45180
644
326
45200
634
323
45220
629
315
45240
618
315
45260
612
310
45280
598
307
45300
583
303
45320
564
303
45340
544
303
45360
538
308
45600
526
307
45620
497
308
45860
479
305
45920
472
307
46260
457
309
46280
443
301
46340
408
313
47360
396
305
47380
370
309
48860
372
314
50160
390
319
50180
397
324
50200
414
321
50220
443
325
50240
464
321
50260
480
318
50280
493
322
50300
500
321
50320
523
318
50520
530
317
50540
550
317
50660
565
316
50680
584
331
50700
584
335
50720
587
352
50740
589
366
50760
587
372
50780
602
387
50800
613
398
50820
623
411
50840
642
418
50860
656
430
50880
674
445
50900
686
459
50920
700
475
50940
724
487
50960
740
502
50980
757
511
51000
767
525
51020
775
522
51040
785
531
51060
798
541
51500
942
499
51900
968
495
51920
980
499
51940
1004
518
51960
1020
509
51980
1040
506
52000
1055
514
52020
1037
497
52100
1014
491
52120
982
492
52140
955
496
52160
939
502
52180
877
505
52260
842
517
52280
814
522
52300
779
538
52320
766
559
52340
757
575
52360
740
594
52380
732
612
52400
720
630
52420
709
646
52440
698
666
52460
694
681
52480
685
695
52500
688
717
52520
688
742
52540
680
760
52560
685
789
52580
692
804
52600
701
816
52620
713
822
52640
731
835
52660
755
843
52680
771
859
52700
781
854
52840
791
864
52860
816
870
52880
834
879
52900
856
896
52920
882
893
52940
908
903
52960
928
904
52980
970
893
53020
991
873
53040
1025
862
53060
1047
846
53080
1075
839
53100
1108
825
53120
1138
818
53140
1162
810
53160
1193
788
53180
1204
768
53200
1209
739
53220
1222
719
53240
1229
694
53260
1239
673
53280
1236
649
53300
1231
626
53320
1238
602
53340
1239
584
53360
1252
561
53380
1259
549
53400
1276
528
53420
1294
515
53440
1298
504
53460
1314
486
53480
1328
477
53500
1343
464
53520
1364
445
53540
1386
438
53560
1408
434
53580
1435
428
53600
1460
425
53620
1481
412
53640
1492
405
53660
1516
399
53680
1532
395
53700
1551
387
53720
1578
383
53740
1601
386
53760
1612
384
53780
