1536
395
43300
1499
399
43320
1464
404
43340
1423
408
43360
1390
410
43380
1352
410
43400
1309
413
43420
1272
418
43440
1232
420
43460
1191
423
43480
1155
428
43500
1118
435
43520
1077
433
43540
1035
434
43560
999
428
43580
958
426
43600
915
426
43620
878
431
43640
833
434
43660
793
440
43680
753
442
43700
714
450
43720
674
456
43740
631
462
43760
585
468
43780
542
468
43800
498
475
43820
453
484
43840
407
485
43860
363
490
43880
319
495
43900
268
499
43920
219
506
43940
171
507
43960
123
504
43980
84
500
44000
70
506
44020
