1592
407
43380
1560
418
43400
1532
428
43420
1511
436
43440
1481
452
43460
1455
460
43480
1435
479
43500
1419
492
43520
1392
502
43540
1376
520
43560
1356
538
43580
1332
552
43600
1317
571
43620
1295
596
43640
1265
611
43660
1240
629
43680
1217
654
43700
1185
673
43720
1155
696
43740
1122
720
43760
1085
734
43780
1048
758
43800
1013
780
43820
972
795
43840
926
818
43860
885
835
43880
849
867
43900
808
889
43920
765
911
43940
725
936
43960
679
963
43980
627
992
44000
595
1026
44020
560
1057
44040
547
1070
44060
