1202
88
43280
1208
93
43300
1213
105
43320
1220
117
43340
1217
126
43360
1222
139
43380
1226
152
43400
1227
158
43420
1222
175
43440
1219
183
43460
1218
193
43480
1212
205
43500
1212
215
43520
1212
223
43540
1211
236
43560
1221
250
43580
1226
260
43600
1224
273
43620
1222
282
43640
1225
290
43660
1221
306
43680
1220
318
43700
1221
326
43720
1215
344
43740
1212
353
43760
1217
374
43780
1215
375
43800
1216
391
43820
1217
402
43840
1221
419
43860
1220
425
43880
1227
439
43900
1238
447
43920
1244
458
43940
1253
472
43960
1250
484
43980
1262
495
44000
1264
507
44020
1274
517
44040
1278
524
44060
1278
528
44080
1282
527
44100
1282
529
44120
1278
536
44140
1272
545
44160
1272
563
44180
1279
574
44200
1279
585
44220
1290
597
44240
1304
617
44260
1310
630
44280
1318
662
44300
1311
670
44320
1310
686
44340
1316
703
44360
1326
725
44380
1344
749
44400
1363
780
44420
1384
802
44440
1395
835
44460
1415
864
44480
1436
894
44500
1459
930
44520
1475
964
44540
1483
1007
44560
1491
1047
44580
1498
1077
44600
