291
1049
43880
310
1010
43900
322
968
43920
341
933
43940
361
913
43960
374
926
43980
394
897
44000
399
853
44020
405
822
44040
416
790
44060
429
763
44080
434
731
44100
434
705
44120
448
676
44140
469
640
44160
476
616
44180
491
588
44200
501
565
44220
516
542
44240
510
491
44260
520
461
44280
524
450
44300
536
420
44320
538
409
44340
550
392
44360
558
376
44380
561
358
44400
570
342
44420
575
322
44440
585
307
44460
589
290
44480
589
270
44500
592
257
44520
586
245
44540
581
235
44560
575
223
44580
563
212
44600
554
194
44620
542
187
44640
529
168
44660
519
159
44680
508
154
44700
511
137
44720
506
132
44740
503
120
44760
500
112
44780
499
99
44800
505
88
44820
511
79
44840
512
71
44860
520
61
44880
519
60
44900
519
60
44920
519
60
44940
