341
1051
43880
361
1014
43900
367
979
43920
386
940
43940
404
907
43960
424
872
43980
441
838
44000
450
801
44020
459
777
44040
459
743
44060
462
716
44080
475
686
44100
482
659
44120
475
633
44140
488
604
44160
492
589
44180
510
558
44200
523
534
44220
531
510
44240
531
493
44260
542
467
44280
565
446
44300
572
421
44320
577
411
44340
580
387
44360
588
374
44380
600
353
44400
607
334
44420
606
322
44440
612
306
44460
612
279
44480
619
270
44500
612
255
44520
607
243
44540
597
229
44560
599
211
44580
588
202
44600
575
191
44620
565
182
44640
551
172
44660
546
154
44680
539
149
44700
532
137
44720
522
125
44740
518
118
44760
529
109
44780
530
96
44800
530
86
44820
535
73
44840
536
61
44860
537
55
44880
