606
195
43880
629
211
43900
643
219
43920
669
223
43940
688
240
43960
714
260
43980
741
260
44000
798
283
44040
827
294
44060
856
301
44080
886
314
44100
913
328
44120
950
334
44140
979
350
44160
1013
367
44180
1052
376
44200
1088
389
44220
1116
398
44240
1159
432
44260
1186
426
44280
1229
442
44300
1272
451
44320
1313
461
44340
1350
477
44360
1388
485
44380
1432
495
44400
1472
508
44420
1516
525
44440
1553
531
44460
1602
541
44480
1642
548
44500
1678
559
44520
1725
572
44540
1759
574
44560
1785
565
44580
