1593
390
43900
1552
381
43920
1511
367
43940
1465
360
43960
1417
354
43980
1378
345
44000
1335
338
44020
1294
326
44040
1255
320
44060
1213
316
44080
1178
301
44100
1136
291
44120
1097
291
44140
1059
279
44160
1016
270
44180
977
275
44200
952
264
44220
908
255
44240
873
250
44260
839
250
44280
801
247
44300
771
239
44320
740
231
44340
714
224
44360
679
215
44380
652
202
44400
635
198
44420
623
182
44440
618
175
44460
603
160
44480
596
149
44500
594
139
44520
589
130
44540
578
110
44560
571
100
44580
560
94
44600
551
89
44620
539
67
44640
529
60
44660
537
62
44680
