1564
393
45160
1538
382
45180
1523
366
45200
1493
352
45220
1457
337
45240
1421
321
45260
1387
310
45280
1355
300
45300
1323
287
45320
1295
275
45340
1267
264
45360
1244
254
45380
1218
241
45400
1192
229
45420
1167
215
45440
1145
208
45460
1121
194
45480
1119
179
45500
1117
164
45520
1114
152
45540
1113
142
45560
1118
131
45580
1116
118
45600
1113
109
45620
1114
95
45640
1110
86
45660
1109
76
45680
1092
70
45700
1071
64
45720
1039
58
45740
1018
52
45760
1006
44
45780
