850
1031
45260
894
1016
45280
930
997
45300
966
981
45320
1002
961
45340
1035
939
45360
1067
921
45380
1101
908
45400
1141
885
45420
1172
871
45440
1200
853
45460
1224
838
45480
1251
821
45500
1281
809
45520
1311
792
45540
1340
774
45560
1367
767
45580
1390
754
45600
1422
743
45620
1451
732
45640
1484
717
45660
1514
708
45680
1540
702
45700
1562
686
45720
1583
672
45740
1606
662
45760
1632
653
45780
1663
650
45800
1688
641
45820
1719
634
45840
1747
631
45860
1769
626
45880
1787
622
45900
