1584
384
45000
1549
391
45020
1510
393
45040
1477
385
45060
1440
382
45080
1406
376
45100
1372
367
45120
1337
360
45140
1307
365
45160
1270
360
45180
1228
328
45200
1191
316
45220
1156
307
45240
1124
303
45260
1092
298
45280
1056
296
45300
1029
287
45320
992
283
45340
964
277
45360
933
274
45380
897
266
45400
867
259
45420
840
253
45440
811
250
45460
789
241
45480
760
234
45500
733
225
45520
711
217
45540
685
210
45560
667
206
45580
645
197
45600
632
186
45620
622
177
45640
611
166
45660
607
159
45680
601
149
45700
597
139
45720
593
129
45740
594
121
45760
593
114
45780
589
103
45800
584
94
45820
581
85
45840
577
79
45860
575
70
45880
571
62
45900
