1588
376
45100
1557
379
45120
1521
381
45140
1486
382
45160
1447
383
45180
1407
387
45200
1374
390
45220
1335
390
45240
1297
387
45260
1259
392
45280
1226
394
45300
1192
399
45320
1154
399
45340
1120
403
45360
1084
410
45380
1044
419
45400
1007
424
45420
965
431
45440
923
436
45460
882
441
45480
839
444
45500
798
454
45520
756
462
45540
711
466
45560
670
471
45580
625
475
45600
579
477
45620
535
482
45640
488
489
45660
445
491
45680
402
497
45700
353
500
45720
309
505
45740
261
508
45760
207
507
45780
159
504
45800
112
503
45820
67
503
45840
20
496
45860
