1579
350
45540
1547
358
45560
1513
345
45580
1473
329
45600
1433
324
45620
1389
313
45640
1348
310
45660
1301
310
45680
1261
307
45700
1219
307
45720
1179
300
45740
1135
296
45760
1094
284
45780
1054
283
45800
1011
275
45820
972
270
45840
931
264
45860
894
260
45880
856
250
45900
819
243
45920
784
241
45940
750
223
45960
719
215
45980
690
215
46000
663
209
46020
633
183
46040
619
168
46060
605
158
46080
589
144
46100
582
140
46120
577
128
46140
573
115
46160
573
105
46180
570
95
46200
569
84
46220
566
72
46240
567
63
46260
574
60
46280
