1556
406
45380
1532
413
45400
1509
426
45420
1489
437
45440
1477
451
45460
1465
468
45480
1455
484
45500
1451
505
45520
1448
520
45540
1435
541
45560
1423
558
45580
1417
576
45600
1396
595
45620
1377
618
45640
1363
637
45660
1354
660
45680
1339
680
45700
1324
708
45720
1307
728
45740
1289
753
45760
1265
773
45780
1257
801
45800
1244
834
45820
1222
854
45840
1209
889
45860
1189
923
45880
1159
943
45900
1129
981
45920
1104
1014
45940
1070
1045
45960
