521
137
45920
527
153
45940
535
167
45960
535
182
45980
546
196
46000
571
214
46020
597
220
46040
626
232
46060
665
240
46080
701
250
46100
733
262
46120
766
277
46140
795
292
46160
834
308
46180
863
326
46200
891
340
46220
917
359
46240
948
378
46260
996
393
46280
1044
405
46300
1091
420
46320
1141
432
46340
1187
447
46360
1240
464
46380
1296
469
46400
1354
476
46420
1405
489
46440
1461
501
46460
1522
515
46480
1576
531
46500
1637
544
46520
1695
552
46540
1743
555
46560
1786
561
46580
