1574
371
45380
1537
370
45400
1497
364
45420
1460
353
45440
1424
346
45460
1388
338
45480
1351
330
45500
1318
321
45520
1282
313
45540
1248
307
45560
1210
302
45580
1175
294
45600
1135
284
45620
1101
281
45640
1060
272
45660
1027
265
45680
995
258
45700
965
257
45720
928
248
45740
895
240
45760
862
236
45780
823
229
45800
795
227
45820
764
217
45840
736
209
45860
707
203
45880
680
196
45900
654
188
45920
640
178
45940
625
169
45960
624
157
45980
622
146
46000
622
136
46020
616
122
46040
602
115
46060
595
106
46080
591
95
46100
584
87
46120
581
75
46140
578
68
46160
576
60
46180
