1578
420
45400
1541
418
45420
1504
418
45440
1470
418
45460
1441
422
45480
1426
423
45500
1414
424
45520
1384
428
45540
1348
427
45560
1308
430
45580
1266
428
45600
1226
425
45620
1180
430
45640
1134
432
45660
1091
439
45680
1047
445
45700
1001
443
45720
955
443
45740
910
453
45760
866
454
45780
824
458
45800
775
458
45820
734
459
45840
688
465
45860
640
466
45880
593
475
45900
544
481
45920
500
485
45940
450
488
45960
400
491
45980
348
494
46000
301
493
46020
248
495
46040
188
496
46060
140
492
46080
90
492
46100
32
491
46120
