1176
82
45360
1184
85
45380
1191
93
45400
1203
107
45420
1214
118
45440
1224
130
45460
1234
138
45480
1253
150
45500
1268
162
45520
1288
176
45540
1300
185
45560
1313
197
45580
1324
215
45600
1337
225
45620
1354
240
45640
1371
254
45660
1381
266
45680
1395
285
45700
1406
298
45720
1418
315
45740
1435
333
45760
1445
348
45780
1455
366
45800
1471
386
45820
1487
408
45840
1501
421
45860
1517
448
45880
1534
462
45900
1550
484
45920
1580
506
45940
1620
521
45960
1656
540
45980
1702
554
46000
1741
556
46020
1787
561
46040
