743
1015
46120
788
971
46140
826
925
46160
856
881
46180
875
848
46200
891
834
46220
886
816
46240
919
798
46260
948
769
46280
989
736
46300
1039
700
46320
1075
680
46340
1115
650
46360
1138
622
46380
1158
594
46400
1172
568
46420
1197
539
46440
1213
511
46460
1231
487
46480
1254
469
46500
1275
439
46520
1288
419
46540
1290
395
46560
1292
379
46580
1295
358
46600
1304
339
46620
1311
318
46640
1316
301
46660
1311
280
46680
1306
264
46700
1303
250
46720
1300
232
46740
1300
216
46760
1304
197
46780
1299
185
46800
1298
171
46820
1302
156
46840
1301
138
46860
1302
127
46880
1296
111
46900
1303
102
46920
1297
90
46940
1302
77
46960
1301
70
46980
