501
1016
45900
505
1001
45920
511
965
45940
516
923
45960
518
881
45980
519
839
46000
529
806
46020
541
774
46040
543
732
46060
551
706
46080
562
676
46100
577
645
46120
587
615
46140
598
591
46160
613
566
46180
626
537
46200
633
512
46220
643
490
46240
655
468
46260
676
429
46280
689
401
46300
695
387
46320
702
370
46340
703
350
46360
710
330
46380
719
309
46400
723
292
46420
728
278
46440
734
262
46460
738
242
46480
748
237
46500
742
217
46520
735
204
46540
734
198
46560
735
187
46580
747
166
46600
745
155
46620
741
150
46640
748
141
46660
748
122
46680
749
117
46700
748
103
46720
749
96
46740
755
84
46760
761
74
46780
771
62
46800
784
58
46820
793
52
46840
807
48
46860
