1720
516
46280
1686
523
46300
1643
521
46320
1601
520
46340
1553
521
46360
1502
525
46380
1463
524
46400
1417
527
46420
1367
526
46440
1323
523
46460
1277
521
46480
1225
516
46500
1177
513
46520
1125
514
46540
1074
517
46560
1025
517
46580
971
513
46600
946
516
46620
864
502
46640
815
505
46660
765
507
46680
711
513
46700
657
524
46720
609
537
46740
554
540
46760
497
541
46780
448
544
46800
392
543
46820
345
546
46840
297
544
46860
249
540
46880
190
539
46900
142
532
46920
94
525
46940
43
517
46960
