1559
383
45420
1522
387
45440
1490
395
45460
1457
402
45480
1419
410
45500
1374
415
45520
1335
423
45540
1295
435
45560
1259
441
45580
1219
452
45600
1181
464
45620
1142
473
45640
1106
486
45660
1065
497
45680
1035
509
45700
1005
518
45720
986
529
45740
985
529
45760
982
526
45780
978
523
45800
970
525
45820
972
525
45840
969
522
45860
960
518
45880
939
506
45900
903
495
45920
858
491
45940
815
481
45960
765
479
45980
712
476
46000
661
479
46020
612
476
46040
557
474
46060
509
475
46080
463
478
46100
410
480
46120
364
483
46140
315
484
46160
267
489
46180
216
496
46200
165
492
46220
113
492
46240
63
490
46260
9
489
46280
