1321
88
46540
1324
87
46560
1330
95
46580
1327
104
46600
1329
109
46620
1332
119
46640
1332
125
46660
1340
129
46680
1345
141
46700
1354
142
46720
1357
153
46740
1361
161
46760
1368
174
46780
1372
176
46800
1381
182
46820
1388
189
46840
1391
200
46860
1396
213
46880
1394
216
46900
1404
222
46920
1403
236
46940
1408
243
46960
1408
248
46980
1410
263
47000
1412
273
47020
1413
276
47040
1419
287
47060
1430
297
47080
1433
306
47100
1446
312
47120
1464
322
47140
1470
330
47160
1487
336
47180
1505
345
47200
1523
352
47220
1533
359
47240
1554
372
47260
1569
378
47280
1590
388
47300
1607
395
47320
