1192
90
47040
1191
114
47060
1185
124
47080
1185
136
47100
1190
149
47120
1189
161
47140
1189
172
47160
1188
185
47180
1190
200
47200
1197
211
47220
1207
225
47240
1214
242
47260
1220
262
47280
1225
273
47300
1235
292
47320
1239
307
47340
1238
333
47360
1243
344
47380
1243
361
47400
1250
379
47420
1261
405
47440
1273
424
47460
1276
443
47480
1291
465
47500
1310
453
47520
1322
482
47540
1331
500
47560
1338
525
47580
1348
556
47600
1356
585
47620
1361
609
47640
1365
639
47660
1375
666
47680
1378
698
47700
1393
728
47720
1420
767
47740
1456
801
47760
1475
843
47780
1496
881
47800
1515
922
47820
1536
968
47840
1553
1016
47860
1565
1065
47880
