987
207
48040
997
214
48060
1014
223
48080
1028
237
48100
1040
243
48120
1055
255
48140
1070
266
48160
1086
277
48180
1103
289
48200
1119
296
48220
1134
306
48240
1154
318
48260
1175
327
48280
1188
337
48300
1210
348
48320
1223
361
48340
1235
371
48360
1254
387
48380
1272
402
48400
1286
417
48420
1308
428
48440
1334
435
48460
1360
445
48480
1387
461
48500
1417
471
48520
1445
478
48540
1475
490
48560
1495
498
48580
1519
518
48600
1548
528
48620
1582
538
48640
1611
551
48660
1642
561
48680
1678
561
48700
1710
569
48720
1741
569
48740
1774
572
48760
