1113
169
48060
1114
176
48080
1120
195
48100
1128
208
48120
1143
220
48140
1161
235
48160
1178
248
48180
1195
263
48200
1208
275
48220
1219
288
48240
1236
302
48260
1246
323
48280
1258
341
48300
1265
356
48320
1271
375
48340
1275
398
48360
1279
416
48380
1296
435
48400
1317
461
48420
1338
477
48440
1352
497
48460
1373
518
48480
1391
544
48500
1407
569
48520
1428
593
48540
1433
617
48560
1452
647
48580
1470
678
48600
1487
707
48620
1498
737
48640
1507
771
48660
1527
803
48680
1553
837
48700
1572
878
48720
1591
914
48740
1616
948
48760
1646
992
48780
1676
1033
48800
1705
1071
48820
