596
123
49340
601
135
49360
602
155
49380
614
168
49400
623
178
49420
633
193
49440
643
216
49460
670
222
49480
696
234
49500
727
248
49520
761
264
49540
795
275
49560
830
286
49580
870
302
49600
909
317
49620
947
332
49640
990
344
49660
1036
362
49680
1080
378
49700
1121
387
49720
1172
406
49740
1218
420
49760
1264
435
49780
1314
455
49800
1364
468
49820
1415
484
49840
1476
497
49860
1528
513
49880
1578
524
49900
1632
534
49920
1690
549
49940
1745
557
49960
1785
556
49980
