1725
513
48480
1686
511
48500
1651
522
48520
1618
533
48540
1587
541
48560
1548
555
48580
1512
566
48600
1472
581
48620
1439
592
48640
1405
611
48660
1374
628
48680
1337
651
48700
1304
666
48720
1272
690
48740
1238
701
48760
1201
713
48780
1165
733
48800
1132
757
48820
1086
775
48840
1042
797
48860
992
819
48880
939
840
48900
888
858
48920
845
886
48940
797
908
48960
746
927
48980
694
951
49000
646
972
49020
592
998
49040
543
1030
49060
500
1068
49080
