239
529
50140
287
531
50160
350
510
50180
410
510
50200
466
503
50220
522
491
50240
576
487
50260
628
486
50280
685
483
50300
740
486
50320
796
487
50340
851
487
50360
898
490
50380
962
489
50400
1017
490
50420
1069
503
50440
1127
506
50460
1181
515
50480
1242
521
50500
1298
523
50520
1352
531
50540
1403
541
50560
1460
543
50580
1520
548
50600
1571
553
50620
1624
557
50640
1676
559
50660
1723
566
50680
1763
567
50700
1793
572
50720
