512
112
49920
509
129
49940
510
133
49960
506
145
49980
497
171
50000
492
187
50020
492
195
50040
491
207
50060
492
218
50080
496
229
50100
501
238
50120
504
250
50140
507
259
50160
509
267
50180
511
275
50200
516
279
50220
515
280
50240
508
289
50260
506
290
50280
500
283
50300
487
293
50320
507
268
50340
501
261
50620
485
263
51060
476
268
51660
467
263
52020
454
265
52140
451
263
52580
444
267
53320
437
260
54500
426
261
54560
420
259
54620
391
262
55500
431
249
56060
443
281
56080
496
247
56100
553
261
56140
572
275
56160
598
288
56180
615
301
56200
626
314
56220
637
328
56240
651
344
56260
673
366
56280
688
387
56300
699
405
56320
715
423
56340
733
445
56360
752
470
56380
759
485
56400
757
505
56420
752
524
56440
754
553
56460
758
563
56480
756
573
56500
766
561
56520
767
558
56540
773
587
57180
766
612
57240
786
642
57260
828
661
57280
889
670
57300
950
673
57320
998
666
57340
1029
648
57360
1054
620
57380
1069
586
57400
1083
566
57420
1105
537
57440
1117
506
57460
1125
484
57480
1131
460
57500
1135
436
57520
1140
415
57540
1142
390
57560
1148
365
57580
1154
345
57600
1160
325
57620
1182
309
57640
1191
295
57660
1195
278
57680
1192
261
57700
1189
245
57720
1188
226
57740
1186
210
57760
1186
195
57780
1179
177
57800
1176
168
57820
1173
155
57840
1169
139
57860
1161
129
57880
1160
115
57900
1156
105
57920
1155
90
57940
1155
81
57960
1157
67
57980
