1228
98
50840
1232
112
50860
1234
123
50880
1236
134
50900
1238
146
50920
1239
156
50940
1243
169
50960
1249
180
50980
1255
193
51000
1257
205
51020
1258
217
51040
1263
231
51060
1277
245
51080
1289
260
51100
1310
275
51120
1325
288
51140
1347
304
51160
1371
319
51180
1391
335
51200
1412
353
51220
1430
369
51240
1451
389
51260
1476
407
51280
1494
426
51300
1517
447
51320
1539
457
51340
1558
473
51360
1587
498
51380
1625
514
51400
1661
533
51420
1698
557
51440
1736
567
51460
1773
568
51480
1797
563
51500
