185
641
50080
230
669
50100
284
678
50120
338
686
50140
391
690
50160
445
699
50180
498
706
50200
553
711
50220
608
713
50240
664
724
50260
720
731
50280
776
735
50300
832
733
50320
888
731
50340
941
725
50360
995
717
50380
1062
679
50400
1116
666
50420
1172
656
50440
1229
660
50460
1284
658
50480
1335
657
50500
1384
650
50520
1429
644
50540
1494
643
50560
1539
642
50580
1592
639
50600
1637
640
50620
1680
634
50640
1723
626
50660
1774
617
50680
1808
613
50700
