1767
1028
50080
1733
1004
50100
1692
978
50120
1643
962
50140
1601
932
50160
1555
910
50180
1512
877
50200
1478
850
50220
1442
824
50240
1415
795
50260
1380
776
50280
1341
743
50300
1305
719
50320
1276
706
50340
1238
682
50360
1204
660
50380
1179
641
50400
1152
622
50420
1130
601
50440
1103
582
50460
1077
550
50480
1045
535
50500
1018
525
50520
980
514
50540
940
507
50560
855
511
50600
776
530
51500
771
512
51520
787
490
51540
798
471
51560
811
453
51580
824
433
51600
832
410
51620
843
388
51640
852
369
51660
862
354
51680
871
336
51700
885
315
51720
892
299
51740
898
284
51760
905
269
51780
912
250
51800
910
240
51820
925
226
51840
934
215
51860
943
198
51880
953
185
51900
961
179
51920
955
176
51940
956
182
51960
958
187
52060
963
184
52080
971
187
52100
984
190
52120
