1444
1048
50820
1453
1010
50840
1455
965
50860
1457
919
50880
1454
877
50900
1451
838
50920
1452
801
50940
1452
765
50960
1448
730
50980
1444
697
51000
1439
666
51020
1432
634
51040
1426
605
51060
1419
577
51080
1415
549
51100
1410
523
51120
1406
497
51140
1400
472
51160
1394
448
51180
1388
426
51200
1384
404
51220
1383
385
51240
1383
365
51260
1388
339
51280
1379
323
51300
1376
306
51320
1371
289
51340
1365
273
51360
1356
255
51380
1356
242
51400
1345
225
51420
1338
213
51440
1332
184
51480
1332
165
51500
1324
152
51520
1323
144
51540
1319
131
51560
1315
123
51580
1311
105
51600
1307
92
51620
1305
77
51640
1302
72
51660
1300
58
51680
1296
53
51700
