1880
835
51240
1847
848
51260
1819
850
51280
1798
832
51300
1778
828
51320
1749
794
51340
1729
791
51360
1712
789
51380
1688
790
51400
1660
795
51420
1623
799
51440
1599
798
51460
1573
805
51480
1537
807
51500
1494
811
51520
1451
810
51540
1434
807
51560
1395
806
51580
1356
808
51600
1321
807
51620
1280
801
51640
1234
793
51660
1188
794
51680
1165
792
51700
1144
790
51720
1138
785
51740
1146
794
51760
1133
801
51780
1152
808
51800
1180
846
51820
1224
860
51840
1260
889
51860
1279
913
51880
1315
941
51900
1345
968
51920
1383
999
51940
1411
1034
51960
1445
1068
51980
