1868
893
51580
1795
892
51600
1726
880
51620
1652
869
51640
1581
861
51660
1528
845
51680
1488
808
51700
1456
776
51720
1412
739
51740
1363
707
51760
1325
678
51780
1281
646
51800
1236
620
51820
1204
593
51840
1171
566
51860
1140
546
51880
1102
518
51900
1061
489
51920
1033
471
51940
1002
456
51960
973
435
51980
934
411
52000
897
395
52020
869
378
52040
835
360
52060
805
349
52080
782
335
52100
755
313
52120
737
300
52140
714
280
52160
691
268
52180
668
248
52200
651
238
52220
633
225
52240
611
210
52260
593
198
52280
576
187
52300
569
174
52320
571
155
52340
574
144
52360
573
134
52380
570
122
52400
565
111
52420
557
97
52440
548
89
52460
546
79
52480
542
68
52500
538
59
52520
526
37
52540
