561
125
51220
561
142
51240
555
159
51260
558
163
51280
557
184
51300
564
190
51320
564
198
51340
570
217
51360
580
229
51380
601
238
51400
612
253
51420
625
268
51440
623
278
51460
614
286
51480
600
307
51500
573
315
51520
552
333
51540
532
353
51560
518
364
51580
504
390
51600
498
405
51620
490
423
51640
481
434
51660
469
457
51680
460
478
51700
455
500
51720
456
530
51740
449
551
51760
439
575
51780
435
594
51800
432
627
51820
419
648
51840
403
674
51860
387
700
51880
376
738
51900
353
771
51920
345
797
51940
340
833
51960
336
870
51980
322
903
52000
302
942
52020
289
980
52040
283
1018
52060
