1552
365
51580
1509
376
51600
1476
379
51620
1439
368
51640
1404
358
51660
1367
354
51680
1331
349
51700
1293
341
51720
1256
340
51740
1216
338
51760
1186
327
51780
1151
312
51800
1116
303
51820
1084
310
51840
1051
296
51860
1016
285
51880
983
281
51900
950
273
51920
921
265
51940
885
263
51960
859
252
51980
828
247
52000
797
245
52020
763
238
52040
730
244
52060
698
215
52080
669
208
52100
643
196
52120
622
186
52140
605
172
52160
595
161
52180
585
148
52200
579
142
52220
573
121
52240
572
118
52260
572
104
52280
570
99
52300
569
87
52320
569
78
52340
560
68
52360
559
62
52380
550
55
52400
547
43
52420
547
28
52440
