1554
350
52220
1510
343
52240
1462
337
52260
1427
324
52280
1387
314
52300
1354
308
52320
1306
297
52340
1270
290
52360
1233
284
52380
1192
278
52400
1149
269
52420
1111
261
52440
1069
251
52460
1030
250
52480
993
242
52500
948
238
52520
912
233
52540
875
225
52560
837
217
52580
801
215
52600
767
208
52620
734
204
52640
705
197
52660
667
195
52680
643
189
52700
625
173
52720
618
159
52740
615
155
52760
597
140
52780
595
130
52800
591
120
52820
592
108
52840
592
99
52860
591
86
52880
593
73
52900
593
71
52920
596
58
52940
598
39
52960
