613
112
52240
620
144
52260
619
159
52280
611
171
52300
602
186
52320
601
200
52340
608
216
52360
621
228
52380
637
243
52400
663
267
52420
683
273
52440
701
285
52460
722
300
52480
740
313
52500
754
330
52520
769
345
52540
787
365
52560
805
380
52580
823
401
52600
852
419
52620
882
437
52640
910
450
52660
944
470
52680
971
492
52700
997
518
52720
1021
517
52740
1056
551
52760
1078
579
52780
1094
599
52800
1122
643
52820
1126
662
52840
1133
688
52860
1165
738
52880
1191
772
52900
1207
807
52920
1211
856
52940
1214
884
52960
1235
934
52980
1256
979
53000
1277
1021
53020
1288
1056
53040
1296
1074
53060
