661
1039
51900
698
1013
51920
738
978
51940
780
946
51960
818
911
51980
858
879
52000
894
850
52020
924
819
52040
955
787
52060
989
756
52080
1021
730
52100
1054
704
52120
1083
682
52140
1106
663
52160
1120
636
52180
1131
609
52200
1141
585
52220
1150
560
52240
1158
536
52260
1167
515
52280
1177
493
52300
1189
471
52320
1198
453
52340
1203
434
52360
1205
418
52380
1208
399
52400
1213
383
52420
1217
367
52440
1227
353
52460
1226
333
52480
1227
318
52500
1231
303
52520
1231
284
52540
1233
268
52560
1233
265
52580
1243
245
52600
1243
234
52620
1246
219
52640
1246
209
52660
1246
194
52680
1243
182
52700
1243
171
52720
1238
153
52740
1233
147
52760
1233
138
52780
1233
129
52800
1229
115
52820
1221
100
52840
1205
91
52860
1192
87
52880
1177
72
52900
1169
65
52920
1147
62
52940
