1867
881
52120
1867
876
52140
1774
861
52160
1754
841
52180
1680
791
52220
1638
764
52240
1597
755
52260
1553
732
52300
1504
712
52320
1435
679
52340
1399
661
52360
1371
636
52380
1341
614
52400
1316
599
52420
1278
578
52460
1245
561
52480
1183
525
52500
1142
500
52540
1108
474
52560
1089
461
52580
1055
446
52600
1031
422
52620
1003
411
52640
976
401
52660
953
388
52680
924
374
52700
888
352
52720
869
345
52740
854
340
52760
826
325
52780
804
316
52800
772
305
52820
746
292
52840
733
283
52860
711
272
52880
685
262
52900
671
250
52920
655
245
52940
639
236
52960
625
227
52980
610
216
53000
600
204
53020
589
196
53040
581
184
53060
581
175
53080
581
167
53100
581
152
53120
578
141
53140
576
128
53160
577
118
53180
575
108
53200
575
101
53220
576
91
53240
579
86
53260
575
74
53280
572
58
53300
571
47
53320
