1847
853
52000
1802
859
52020
1743
863
52040
1707
864
52060
1660
855
52080
1606
863
52100
1561
864
52120
1504
853
52140
1444
848
52160
1400
863
52180
1345
853
52200
1296
848
52220
1245
827
52240
1196
816
52260
1144
802
52280
1102
787
52300
1055
779
52320
1001
779
52340
950
770
52360
905
766
52380
856
770
52400
800
755
52420
758
740
52440
718
722
52460
669
716
52480
629
709
52500
590
704
52520
554
688
52540
521
680
52560
484
661
52580
440
647
52600
400
635
52620
369
625
52640
334
617
52660
289
609
52680
253
605
52700
205
601
52720
167
593
52740
127
580
52760
91
574
52780
49
560
52800
6
557
52820
