1888
823
52680
1845
830
52700
1802
825
52720
1736
819
52740
1691
807
52760
1644
800
52780
1605
781
52800
1557
773
52820
1516
756
52840
1471
738
52860
1438
718
52880
1396
700
52900
1363
674
52920
1335
653
52940
1307
634
52960
1271
618
52980
1238
600
53000
1215
581
53020
1183
567
53040
1158
545
53060
1123
524
53080
1089
512
53100
1071
501
53120
1044
475
53140
1021
457
53160
1004
443
53180
981
425
53200
968
407
53220
951
391
53240
936
376
53260
911
369
53280
887
352
53300
871
346
53320
846
328
53340
824
317
53360
805
309
53380
787
297
53400
761
282
53420
735
275
53440
714
268
53460
708
261
53480
691
254
53500
674
245
53520
658
231
53540
643
219
53560
628
210
53580
618
197
53600
618
191
53620
603
178
53640
607
166
53660
610
153
53680
607
141
53700
608
135
53720
608
124
53740
611
100
53760
615
74
53780
616
65
53800
623
39
53820
