1587
385
52580
1562
394
52600
1514
389
52620
1470
379
52640
1430
377
52660
1385
363
52680
1341
355
52700
1300
349
52720
1261
338
52740
1228
328
52760
1190
307
52780
1148
309
52800
1105
299
52820
1059
295
52840
1024
292
52860
980
282
52880
941
279
52900
905
271
52920
870
259
52940
833
257
52960
795
245
52980
759
234
53000
723
225
53020
693
217
53040
668
206
53060
641
188
53080
619
174
53100
616
164
53120
595
153
53140
589
140
53160
577
127
53180
570
114
53200
562
108
53220
546
94
53240
540
81
53260
539
73
53280
535
68
53300
530
55
53320
530
42
53340
