1879
864
52800
1829
865
52820
1776
863
52840
1723
861
52860
1677
852
52880
1623
842
52900
1569
847
52920
1521
842
52940
1463
837
52960
1414
834
52980
1364
829
53000
1311
818
53020
1260
809
53040
1201
807
53060
1149
801
53080
1111
779
53100
1057
778
53120
1002
774
53140
955
764
53160
904
769
53180
847
758
53200
797
756
53220
748
749
53240
700
736
53260
644
724
53280
609
714
53300
571
703
53320
536
682
53340
499
673
53360
458
661
53380
410
660
53400
366
648
53420
326
641
53440
275
641
53460
245
637
53480
192
624
53500
157
621
53520
105
613
53540
69
606
53560
