1201
81
52720
1205
97
52740
1210
109
52760
1208
126
52780
1207
134
52800
1204
145
52820
1201
157
52840
1194
171
52860
1186
183
52880
1177
192
52900
1169
212
52920
1155
221
52940
1142
235
52960
1124
251
52980
1105
262
53000
1084
284
53020
1059
297
53040
1032
311
53060
1004
323
53080
978
341
53100
962
360
53120
950
370
53140
920
386
53160
884
388
53180
861
406
53200
844
416
53220
823
449
53240
793
476
53260
777
483
53280
749
507
53300
723
532
53320
699
561
53340
681
578
53360
645
606
53380
628
637
53400
602
662
53420
576
690
53440
547
723
53460
529
759
53480
503
803
53500
482
838
53520
455
883
53540
427
926
53560
397
974
53580
373
1001
53600
346
1047
53620
319
1073
53640
