1871
992
53180
1807
978
53200
1774
971
53220
1734
966
53240
1670
957
53260
1619
944
53280
1555
923
53300
1498
906
53320
1435
889
53340
1400
871
53360
1347
852
53380
1291
833
53400
1233
824
53420
1171
799
53440
1102
793
53460
1054
780
53480
1003
768
53500
945
746
53520
901
736
53540
844
722
53560
793
710
53580
746
700
53600
701
686
53620
654
674
53640
603
661
53660
571
649
53680
544
623
53700
528
589
53720
519
572
53740
516
554
53760
515
529
53780
519
499
53800
523
481
53820
523
465
53840
521
440
53860
523
424
53880
526
407
53900
529
391
53920
538
378
53940
541
363
53960
551
340
53980
565
321
54000
575
309
54020
575
287
54040
580
280
54060
580
269
54080
570
250
54100
565
235
54120
563
219
54140
567
206
54160
577
194
54180
569
181
54200
573
165
54220
581
158
54240
600
148
54260
618
135
54280
617
115
54300
628
106
54320
633
98
54340
646
95
54360
654
80
54380
661
67
54400
680
51
54420
