613
145
53280
594
115
53300
616
176
53320
608
191
53340
610
205
53360
614
226
53380
630
223
53400
643
235
53420
647
241
53440
659
253
53460
674
269
53480
690
282
53500
699
294
53520
717
314
53540
728
322
53560
752
339
53580
789
368
53620
806
395
53640
819
406
53660
847
426
53680
851
443
53700
840
465
53720
819
482
53740
804
502
53760
824
515
53780
1021
518
54140
1048
542
54160
1076
559
54180
1111
613
54220
1153
641
54240
1189
660
54260
1215
689
54280
1255
722
54300
1286
755
54320
1324
782
54340
1357
817
54360
1398
842
54380
1447
881
54400
1491
925
54420
1524
971
54440
1556
1007
54460
1585
1047
54480
