550
158
53360
563
182
53380
571
193
53400
575
200
53420
582
219
53440
591
225
53460
603
235
53480
619
241
53500
632
250
53520
651
260
53540
672
266
53560
691
285
53580
721
282
53600
748
297
53620
775
292
53640
802
297
53660
832
299
53680
863
308
53700
892
312
53720
914
320
53740
939
315
53760
965
316
53780
996
341
53800
1018
345
53820
1046
356
53840
1055
354
53860
1070
363
53880
1084
372
53900
1135
398
53960
1152
417
53980
1164
424
54000
1179
440
54020
1196
457
54040
1206
461
54060
1230
477
54080
1249
493
54100
1270
484
54120
1307
469
54140
1328
461
54160
1359
461
54180
1382
463
54200
1410
462
54220
1429
458
54240
1438
455
54260
1456
452
54280
1469
451
54300
1488
451
54320
1509
441
54340
1539
440
54360
1562
441
54380
1568
445
54400
1587
446
54420
1607
463
54440
1625
470
54460
1592
437
54620
1602
420
54720
1613
466
54980
1518
436
55180
1459
401
55240
1443
349
55320
1429
315
55380
1422
287
55420
1407
266
55460
1398
256
55480
1380
234
55500
1366
224
55520
1357
215
55540
1345
205
55560
1335
194
55580
1337
183
55600
1334
164
55620
1334
164
55640
1308
154
55660
1302
142
55680
1282
144
55700
1275
133
55720
1269
128
55740
1286
175
55840
1293
180
55860
1307
194
55880
1313
204
55900
1349
225
56020
1383
258
56100
1421
287
56160
1437
301
56180
1455
326
56220
1468
334
56240
1477
337
56260
1497
367
56320
1516
392
56380
1553
423
56400
1547
412
56420
1571
438
56440
1580
452
56460
1599
461
56480
1613
497
57140
