488
124
53620
498
152
53640
508
173
53660
507
176
53680
518
194
53700
524
201
53720
541
216
53740
564
217
53760
574
230
53780
589
242
53820
602
263
53840
609
277
53860
614
301
53880
631
311
53900
646
318
53920
662
327
53940
676
342
53960
702
356
53980
720
368
54000
737
385
54020
755
406
54040
816
426
54060
859
445
54080
885
462
54100
907
471
54120
951
474
54140
982
485
54160
1010
518
54180
1023
541
54200
1039
562
54220
1071
592
54240
1106
613
54260
1124
638
54280
1153
660
54300
1197
694
54320
1255
729
54340
1299
751
54360
1349
779
54380
1384
806
54400
1422
830
54420
1465
858
54440
1508
887
54460
1553
936
54480
1596
966
54500
1654
997
54520
1706
1034
54540
1760
1060
54560
