541
1049
53360
561
1028
53380
647
1001
53400
703
986
53420
747
976
53440
778
946
53460
828
912
53480
879
893
53500
902
887
53520
947
861
53540
966
834
53560
1011
818
53580
1040
791
53600
1079
784
53620
1114
765
53640
1147
751
53660
1187
740
53680
1212
730
53700
1240
722
53720
1279
708
53740
1324
701
53760
1362
691
53780
1407
699
53800
1443
690
53820
1473
680
53840
1517
675
53860
1553
681
53880
1578
674
53900
1637
670
53920
1682
663
53940
1707
671
53960
1741
666
53980
1763
665
54000
1789
666
54020
