1582
349
53800
1559
358
53820
1536
374
53840
1516
387
53860
1497
405
53880
1477
423
53900
1458
439
53920
1437
458
53940
1416
472
53960
1397
492
53980
1376
516
54000
1353
535
54020
1326
556
54040
1299
577
54060
1274
596
54080
1252
623
54100
1229
648
54120
1198
672
54140
1164
699
54160
1128
722
54180
1093
748
54200
1058
776
54220
1020
803
54240
980
832
54260
938
858
54280
889
882
54300
842
916
54320
795
938
54340
744
970
54360
686
1006
54380
642
1035
54400
592
1073
54420
