575
86
54040
574
100
54060
580
107
54080
583
118
54100
587
133
54120
594
145
54140
600
152
54160
601
169
54180
612
176
54200
622
187
54220
639
198
54240
658
210
54260
680
217
54280
706
226
54300
724
240
54320
750
252
54340
773
260
54360
803
278
54380
828
285
54400
861
291
54420
893
301
54440
929
311
54460
969
323
54480
998
327
54500
1033
343
54520
1066
352
54540
1096
363
54560
1127
374
54580
1169
388
54600
1209
399
54620
1239
414
54640
1278
427
54660
1313
442
54680
1346
456
54700
1387
472
54720
1427
482
54740
1471
498
54760
1512
506
54780
1555
517
54800
1597
526
54820
1645
540
54840
1684
543
54860
1716
548
54880
1741
554
54900
1774
550
54920
