1341
83
54340
1332
94
54360
1320
108
54380
1305
112
54400
1288
122
54420
1278
133
54440
1261
142
54460
1244
154
54480
1225
163
54500
1210
177
54520
1183
189
54540
1163
201
54560
1138
213
54580
1110
223
54600
1080
235
54620
1054
245
54640
1019
253
54660
989
265
54680
954
277
54700
924
288
54720
883
301
54740
850
311
54760
810
322
54780
768
339
54800
736
352
54820
692
363
54840
647
374
54860
601
388
54880
558
402
54900
519
415
54920
476
427
54940
421
433
54960
366
444
54980
315
456
55000
254
471
55020
198
479
55040
137
486
55060
68
486
55080
12
484
55100
