1195
90
54140
1200
96
54160
1206
104
54180
1214
116
54200
1213
129
54220
1216
138
54240
1217
152
54260
1211
157
54280
1201
164
54300
1193
171
54320
1185
183
54340
1180
184
54360
1155
196
54380
1131
205
54400
1104
207
54420
1074
212
54440
1039
215
54460
1008
216
54480
986
215
54500
961
217
54700
952
221
54720
929
223
54740
903
216
54760
879
217
54780
873
213
54800
851
218
54920
820
214
54940
785
212
54960
753
211
54980
719
206
55000
689
199
55020
664
187
55040
642
184
55060
628
171
55080
623
163
55100
628
150
55120
633
134
55140
641
125
55160
638
114
55180
639
105
55200
627
89
55220
620
82
55240
604
71
55260
600
61
55280
