1477
246
54240
1473
258
54260
1473
276
54280
1481
298
54300
1490
313
54320
1493
329
54340
1498
350
54360
1506
366
54380
1509
391
54400
1513
409
54420
1520
427
54440
1518
453
54460
1523
480
54480
1524
504
54500
1525
534
54520
1526
552
54540
1531
580
54560
1522
611
54580
1508
639
54600
1488
661
54620
1495
703
54640
1503
733
54660
1518
772
54680
1536
813
54700
1548
854
54720
1569
891
54740
1592
941
54760
1612
985
54780
1632
1036
54800
