1215
76
54380
1214
94
54400
1219
96
54420
1216
112
54440
1217
123
54460
1214
129
54480
1219
144
54500
1223
155
54520
1228
166
54540
1232
181
54560
1230
194
54580
1231
207
54600
1232
223
54620
1234
242
54640
1238
252
54660
1237
271
54680
1249
288
54700
1257
306
54720
1260
322
54740
1268
341
54760
1278
356
54780
1289
374
54800
1295
391
54820
1299
409
54840
1309
432
54860
1323
452
54880
1333
477
54900
1336
496
54920
1346
519
54940
1355
538
54960
1365
568
54980
1374
598
55000
1386
622
55020
1403
658
55040
1415
684
55060
1424
720
55080
1439
755
55100
1454
786
55120
1469
826
55140
1481
866
55160
1495
902
55180
1513
949
55200
1524
991
55220
1543
1040
55240
