1297
75
54740
1298
78
54760
1299
92
54780
1304
108
54800
1310
113
54820
1319
127
54840
1329
137
54860
1344
149
54880
1354
162
54900
1366
176
54920
1381
189
54940
1393
211
54960
1403
218
54980
1409
230
55000
1414
247
55020
1421
259
55040
1432
272
55060
1446
292
55080
1458
309
55100
1475
325
55120
1482
347
55140
1493
371
55160
1500
387
55180
1519
405
55200
1535
425
55220
1555
452
55240
1569
472
55260
1588
494
55280
1613
513
55300
1646
522
55320
1677
538
55340
1705
537
55360
1724
539
55380
1745
544
55400
1769
548
55420
