1501
182
54500
1484
197
54520
1457
199
54540
1450
211
54560
1446
223
54580
1438
235
54600
1420
249
54620
1399
260
54640
1382
278
54660
1360
294
54680
1347
313
54700
1327
332
54720
1309
347
54740
1296
370
54760
1278
387
54780
1262
424
54800
1266
439
54820
1261
453
54840
1238
464
54860
1215
484
54880
1202
507
54900
1183
531
54920
1163
563
54940
1138
590
54960
1107
617
54980
1078
651
55000
1045
677
55020
1005
711
55040
960
740
55060
917
765
55080
873
803
55100
829
841
55120
786
876
55140
745
912
55160
702
949
55180
655
1002
55200
609
1044
55220
