1358
83
54780
1354
87
54800
1347
101
54820
1342
113
54840
1330
118
54860
1318
129
54880
1300
140
54900
1280
148
54920
1264
159
54940
1246
168
54960
1233
176
54980
1219
186
55000
1204
198
55020
1189
210
55040
1167
224
55060
1145
234
55080
1116
246
55100
1093
252
55120
1075
268
55140
1052
281
55160
1025
297
55180
993
303
55200
976
313
55220
945
324
55240
921
342
55260
904
358
55280
879
373
55300
864
398
55320
844
419
55340
820
441
55360
791
462
55380
763
481
55400
734
502
55420
701
527
55440
677
553
55460
644
581
55480
606
601
55500
578
634
55520
549
665
55540
517
700
55560
478
731
55580
443
770
55600
407
800
55620
376
839
55640
332
881
55660
295
916
55680
266
961
55700
231
1008
55720
200
1058
55740
