135
551
54660
192
552
54680
250
549
54700
305
545
54720
359
535
54740
410
528
54760
466
516
54780
517
509
54800
573
504
54820
627
496
54840
678
493
54860
728
493
54880
786
488
54900
837
484
54920
995
487
54980
1044
491
55000
1096
497
55020
1150
503
55040
1190
511
55060
1244
514
55080
1295
516
55100
1346
522
55120
1398
536
55140
1448
550
55160
1502
566
55180
1553
580
55200
1599
595
55220
1654
605
55240
1708
619
55260
1758
611
55280
