535
147
54980
538
164
55000
554
174
55020
569
189
55040
590
201
55060
611
214
55080
628
226
55100
650
239
55120
673
253
55140
697
270
55160
729
281
55180
761
303
55200
788
309
55220
809
320
55240
835
342
55260
851
348
55280
875
358
55300
894
380
55320
901
401
55340
919
425
55360
951
451
55380
991
471
55400
1029
494
55420
1063
514
55440
1087
535
55460
1126
556
55480
1153
582
55500
1173
618
55520
1179
661
55540
1196
695
55560
1212
728
55580
1225
772
55600
1242
816
55620
1254
865
55640
1265
909
55660
1278
952
55680
1301
1006
55700
1326
1050
55720
