597
122
54980
596
135
55000
597
155
55020
593
157
55040
593
166
55060
603
179
55080
615
190
55100
635
202
55120
656
216
55140
673
223
55160
696
232
55180
724
243
55200
751
251
55220
779
258
55240
810
266
55260
843
274
55280
872
286
55300
905
300
55320
942
308
55340
972
314
55360
1001
325
55380
1038
335
55400
1070
347
55420
1104
356
55440
1137
371
55460
1173
383
55480
1205
393
55500
1248
408
55520
1286
410
55540
1320
425
55560
1358
447
55580
1398
458
55600
1433
465
55620
1472
475
55640
1512
488
55660
1552
504
55680
1594
515
55700
1635
527
55720
1673
537
55740
1718
548
55760
1754
554
55780
