1268
74
54820
1274
78
54840
1281
87
54860
1284
97
54880
1291
114
54900
1288
122
54920
1288
133
54940
1286
140
54960
1283
153
54980
1279
169
55000
1275
181
55020
1258
189
55040
1252
206
55060
1251
221
55080
1242
231
55100
1237
244
55120
1247
254
55140
1243
265
55160
1237
281
55180
1229
298
55200
1213
318
55220
1191
326
55240
1174
333
55260
1155
349
55280
1128
367
55300
1110
382
55320
1094
410
55340
1082
430
55360
1080
452
55380
1084
478
55400
1087
504
55420
1088
532
55440
1082
558
55460
1065
585
55480
1041
608
55500
1016
637
55520
975
659
55540
930
678
55560
891
698
55580
846
722
55600
800
752
55620
749
779
55640
703
803
55660
659
838
55680
613
865
55700
584
900
55720
562
948
55740
537
992
55760
504
1036
55780
