1484
231
54820
1469
243
54840
1458
253
54860
1453
269
54880
1450
280
54900
1460
299
54920
1460
311
54940
1460
327
54960
1462
341
54980
1459
360
55000
1461
373
55020
1473
396
55040
1493
414
55060
1494
428
55080
1483
445
55100
1487
462
55120
1504
483
55140
1511
507
55160
1520
527
55180
1520
547
55200
1529
572
55220
1530
592
55240
1539
624
55260
1556
649
55280
1574
684
55300
1583
705
55320
1598
737
55340
1607
766
55360
1626
798
55380
1642
841
55400
1660
870
55420
1674
914
55440
1681
941
55460
1694
987
55480
1706
1028
55500
1725
1067
55520
