1194
73
55720
1199
77
55740
1208
88
55760
1208
97
55780
1213
103
55800
1214
113
55820
1219
124
55840
1219
129
55860
1226
139
55880
1232
151
55900
1233
158
55920
1236
173
55940
1241
182
55960
1243
188
55980
1261
197
56000
1279
201
56020
1285
204
56040
1297
209
56060
1301
226
56080
1303
234
56100
1302
243
56120
1303
257
56140
1302
272
56160
1300
287
56180
1298
301
56200
1301
319
56220
1305
334
56240
1305
349
56260
1309
364
56280
1305
383
56300
1291
398
56320
1285
420
56340
1284
433
56360
1287
446
56380
1295
466
56400
1300
479
56420
1316
508
56440
1317
526
56460
1327
542
56480
1332
561
56500
1333
583
56520
1336
608
56540
1342
630
56560
1359
645
56580
1363
676
56600
1376
699
56620
1393
723
56640
1415
749
56660
1431
778
56680
1456
795
56700
1468
826
56720
1485
852
56740
1499
881
56760
1521
917
56780
1544
933
56800
1568
941
56820
1611
963
56840
1664
979
56860
1716
994
56880
1777
996
56900
1837
1006
56920
