1509
214
55400
1477
220
55420
1449
214
55440
1416
214
55460
1377
218
55480
1342
224
55500
1307
228
55520
1279
237
55540
1253
248
55560
1218
262
55580
1190
274
55600
1162
285
55620
1130
290
55640
1092
299
55660
1058
292
55680
1029
286
55700
992
277
55720
948
278
55740
904
275
55760
864
276
55780
828
276
55800
786
278
55820
744
280
55840
715
266
55860
687
254
55880
667
238
55900
642
230
55920
628
215
55940
615
197
55960
604
188
55980
609
175
56000
606
154
56020
606
139
56040
604
130
56060
603
115
56080
601
104
56100
600
92
56120
605
83
56140
605
69
56160
