1250
74
55700
1261
84
55720
1269
90
55740
1281
99
55760
1289
104
55780
1298
113
55800
1309
121
55820
1313
130
55840
1318
145
55860
1328
152
55880
1333
161
55900
1338
174
55920
1347
180
55940
1357
188
55960
1370
202
55980
1378
210
56000
1391
225
56020
1401
238
56040
1405
252
56060
1412
266
56080
1421
272
56100
1426
289
56120
1434
301
56140
1443
316
56160
1456
330
56180
1467
345
56200
1483
364
56220
1497
377
56240
1507
395
56260
1518
411
56280
1536
432
56300
1545
443
56320
1563
459
56340
1575
477
56360
1596
496
56380
1618
510
56400
1649
528
56420
1677
538
56440
1716
547
56460
1749
550
56480
1779
559
56500
