526
112
55540
523
125
55560
528
128
55580
536
140
55600
544
154
55620
544
162
55640
553
166
55660
562
166
55680
567
164
55700
572
160
55720
576
168
55740
570
168
55760
569
169
55780
573
172
55800
576
174
55820
571
183
55840
568
186
55860
567
194
55880
563
202
55940
564
216
55960
563
228
55980
559
244
56000
557
255
56020
557
271
56040
548
288
56060
542
299
56080
527
312
56100
516
334
56120
501
354
56140
484
368
56160
459
388
56180
427
402
56200
396
415
56220
361
433
56240
325
444
56260
283
459
56280
235
471
56300
190
481
56320
140
480
56340
87
487
56360
38
488
56380
