1598
321
56120
1573
336
56140
1549
343
56160
1528
358
56180
1510
371
56200
1488
385
56220
1473
404
56240
1455
408
56260
1441
426
56280
1421
446
56300
1405
466
56320
1390
481
56340
1366
494
56360
1343
514
56380
1332
533
56400
1318
553
56420
1303
573
56440
1283
593
56460
1258
615
56480
1236
638
56500
1209
663
56520
1176
686
56540
1145
713
56560
1105
735
56580
1070
755
56600
1027
781
56620
983
804
56640
946
830
56660
917
864
56680
886
899
56700
846
930
56720
805
961
56740
747
987
56760
693
1012
56780
636
1045
56800
579
1068
56820
