1590
312
55880
1551
311
55900
1519
310
55920
1479
305
55940
1445
302
55960
1416
300
55980
1382
300
56000
1347
293
56020
1314
292
56040
1278
287
56060
1242
284
56080
1205
283
56100
1171
278
56120
1139
278
56140
1097
272
56160
1064
269
56180
1029
270
56200
994
260
56220
960
259
56240
922
250
56260
893
251
56280
858
245
56300
830
238
56320
799
236
56340
770
225
56360
745
216
56380
718
209
56400
688
206
56420
668
197
56440
644
186
56460
626
172
56480
617
161
56500
612
152
56520
611
141
56540
611
134
56560
613
116
56580
609
111
56600
598
101
56620
584
98
56640
576
83
56660
572
75
56680
567
65
56700
557
60
56720
