1190
82
55860
1199
86
55880
1200
104
55900
1201
105
55920
1213
117
55940
1216
123
55960
1214
136
55980
1208
146
56000
1210
158
56020
1204
169
56040
1197
178
56060
1188
188
56080
1172
200
56100
1155
201
56120
1136
217
56140
1117
230
56160
1103
236
56180
1080
248
56200
1059
262
56220
1029
269
56240
1001
286
56260
981
294
56280
958
301
56300
932
316
56320
917
332
56340
899
349
56360
870
366
56380
848
382
56400
828
398
56420
811
418
56440
780
429
56460
750
441
56480
722
460
56500
687
478
56520
660
490
56540
632
515
56560
608
529
56580
579
550
56600
551
567
56620
512
582
56640
483
605
56660
460
625
56680
436
653
56700
409
676
56720
386
707
56740
369
740
56760
340
766
56780
315
799
56800
295
832
56820
276
862
56840
260
897
56860
242
940
56880
217
976
56900
199
1017
56920
173
1061
56940
