563
106
56080
567
117
56100
562
131
56120
563
152
56140
565
167
56160
576
180
56180
603
194
56200
636
201
56220
664
214
56240
679
223
56260
691
235
56280
719
255
56300
738
265
56320
768
279
56340
810
290
56360
850
298
56380
893
308
56400
928
313
56420
974
330
56440
1020
342
56460
1061
355
56480
1105
371
56500
1147
389
56520
1182
401
56540
1224
419
56560
1272
432
56580
1318
444
56600
1363
457
56620
1412
481
56640
1460
496
56660
1514
507
56680
1564
529
56700
1618
538
56720
1672
549
56740
1721
554
56760
1763
558
56780
