1548
315
56520
1515
340
56540
1476
310
56560
1441
312
56580
1406
311
56600
1369
305
56620
1335
310
56640
1293
308
56660
1260
308
56680
1223
308
56700
1194
300
56720
1156
290
56740
1130
297
56760
1102
300
56780
1067
292
56800
1032
291
56820
999
284
56840
966
283
56860
936
268
56880
903
268
56900
874
261
56920
846
259
56940
806
242
56960
781
245
56980
755
233
57000
733
224
57020
710
225
57040
683
217
57060
659
206
57080
642
190
57100
632
184
57120
623
174
57140
609
168
57160
603
154
57180
599
148
57200
597
137
57220
594
124
57240
595
112
57260
590
106
57280
588
96
57300
585
87
57320
585
79
57340
590
73
57360
605
62
57380
620
68
57400
