1613
323
56440
1589
334
56460
1556
343
56480
1538
344
56500
1504
358
56520
1478
374
56540
1453
382
56560
1422
397
56580
1402
408
56600
1378
425
56620
1347
439
56640
1325
453
56660
1295
470
56680
1288
496
56700
1269
510
56720
1245
535
56740
1225
556
56760
1208
578
56780
1190
602
56800
1159
628
56820
1136
652
56840
1096
673
56860
1066
696
56880
1025
719
56900
984
747
56920
945
774
56940
896
791
56960
850
815
56980
808
847
57000
751
867
57020
702
897
57040
648
924
57060
595
954
57080
550
991
57100
491
1026
57120
453
1062
57140
