1169
94
57060
1171
103
57080
1169
116
57100
1170
125
57120
1174
137
57140
1179
148
57160
1179
167
57180
1176
185
57200
1172
197
57220
1153
215
57240
1127
222
57260
1104
231
57280
1082
251
57300
1067
269
57320
1048
286
57340
1026
299
57360
999
315
57380
975
332
57400
951
353
57420
925
367
57440
903
386
57460
868
408
57480
845
426
57500
812
448
57520
778
466
57540
739
484
57560
699
495
57580
661
525
57600
629
544
57620
591
569
57640
549
597
57660
520
623
57680
488
655
57700
452
694
57720
414
718
57740
374
756
57760
346
794
57780
306
836
57800
270
871
57820
228
916
57840
185
962
57860
149
1009
57880
114
1062
57900
