571
132
57820
580
149
57840
578
155
57860
588
170
57880
587
176
57900
600
192
57920
618
197
57940
642
207
57960
664
216
57980
683
220
58000
711
232
58020
736
245
58040
762
257
58060
788
263
58080
810
272
58100
835
284
58120
870
291
58140
894
294
58160
925
318
58180
959
322
58200
987
328
58220
1020
339
58240
1046
352
58260
1082
373
58280
1112
377
58300
1150
385
58320
1181
395
58340
1219
406
58360
1253
420
58380
1274
433
58400
1312
445
58420
1346
460
58440
1383
475
58460
1425
487
58480
1461
493
58500
1502
513
58520
1548
527
58540
1596
538
58560
1642
543
58580
1683
550
58600
1721
553
58620
1763
561
58640
