1573
1031
57960
1536
983
57980
1491
954
58000
1449
907
58020
1417
874
58040
1386
833
58060
1345
798
58080
1317
761
58100
1283
737
58120
1247
704
58140
1218
682
58160
1186
650
58180
1157
627
58200
1133
603
58220
1099
576
58240
1077
552
58260
1055
525
58280
1038
501
58300
1011
476
58320
987
453
58340
959
435
58360
921
413
58380
900
402
58400
864
389
58420
835
372
58440
810
358
58460
788
341
58480
761
323
58500
747
309
58520
719
290
58540
704
277
58560
683
266
58580
663
256
58600
652
239
58620
636
222
58640
624
211
58660
606
200
58680
596
185
58700
581
182
58720
579
156
58740
577
147
58760
584
140
58780
577
125
58800
572
112
58820
568
103
58840
565
87
58860
563
79
58880
561
63
58900
558
60
58920
