1726
1021
58080
1693
977
58100
1661
930
58120
1643
890
58140
1621
849
58160
1602
802
58180
1582
772
58200
1560
728
58220
1543
697
58240
1522
666
58260
1495
638
58280
1461
605
58300
1445
576
58320
1417
558
58340
1400
526
58360
1376
504
58380
1360
475
58400
1347
446
58420
1333
425
58440
1325
412
58460
1309
390
58480
1289
371
58500
1269
354
58520
1250
325
58540
1238
313
58560
1215
294
58580
1188
279
58600
1167
263
58620
1148
248
58640
1131
234
58660
1112
220
58680
1104
202
58700
1087
185
58720
1091
162
58740
1093
151
58760
1093
140
58780
1093
117
58800
1090
110
58820
1092
98
58840
1087
83
58860
1072
72
58880
1064
58
58900
1035
53
58920
1013
52
58940
