392
1032
58080
436
1001
58100
471
960
58120
513
927
58140
551
892
58160
591
861
58180
627
828
58200
668
802
58220
709
774
58240
747
749
58260
778
724
58280
807
703
58300
826
685
58320
843
671
58340
856
660
58360
864
653
58380
864
651
58400
860
648
58420
857
644
58440
848
642
58460
842
642
58480
842
642
58500
840
639
58520
840
638
58540
841
638
58560
840
640
58940
834
641
58960
810
639
58980
775
634
59000
745
611
59020
731
596
59040
730
575
59060
736
545
59080
766
524
59100
780
512
59120
809
508
59140
830
510
59160
968
473
59240
993
451
59260
1021
434
59280
1041
413
59300
1056
391
59320
1071
381
59340
1094
362
59360
1108
341
59380
1116
325
59400
1126
315
59420
1139
294
59440
1149
278
59460
1156
271
59480
1171
246
59500
1178
233
59520
1182
222
59540
1192
206
59560
1201
194
59580
1207
181
59600
1215
170
59620
1210
160
59640
1210
147
59660
1211
130
59680
1212
124
59700
1212
107
59720
1209
99
59740
1207
93
59760
1204
79
59780
1198
69
59800
