1845
821
58820
1783
801
58840
1722
777
58860
1662
751
58880
1614
722
58900
1568
694
58920
1525
666
58940
1474
640
58960
1432
617
58980
1385
596
59000
1346
573
59020
1300
553
59040
1250
538
59060
1211
514
59080
1169
494
59100
1137
471
59120
1100
451
59140
1072
435
59160
1046
410
59180
1020
402
59200
989
379
59220
958
370
59240
926
349
59260
896
332
59280
867
322
59300
842
308
59320
812
293
59340
785
278
59360
761
267
59380
734
251
59400
714
238
59420
691
226
59440
673
213
59460
654
200
59480
638
191
59500
625
182
59520
619
166
59540
614
154
59560
613
145
59580
606
133
59600
603
119
59620
592
108
59640
585
101
59660
575
86
59680
567
75
59700
565
66
59720
562
59
59740
