614
101
58860
611
114
58880
610
127
58900
615
136
58920
622
143
58940
621
157
58960
620
165
58980
619
171
59000
631
178
59120
624
175
59140
630
189
59160
636
202
59180
637
214
59200
641
229
59220
642
245
59240
646
263
59260
648
280
59280
641
292
59300
636
312
59320
628
328
59340
621
343
59360
613
365
59380
602
384
59400
586
406
59420
573
425
59440
554
443
59460
543
461
59480
532
487
59500
517
512
59520
504
529
59540
477
555
59560
459
573
59580
442
599
59600
431
627
59620
410
642
59640
389
671
59660
376
693
59680
357
722
59700
342
749
59720
323
782
59740
311
814
59760
296
845
59780
277
880
59800
256
913
59820
233
949
59840
217
989
59860
210
1025
59880
197
1065
59900
