1186
77
58580
1183
81
58600
1180
92
58620
1173
98
58640
1170
107
58660
1170
118
58680
1176
126
58700
1180
136
58720
1174
146
58740
1174
152
58760
1172
164
58780
1176
171
58800
1185
177
58820
1184
190
58840
1171
201
58860
1157
210
58880
1148
217
58900
1137
223
58920
1138
220
58940
1138
222
58960
1130
217
58980
1127
227
59000
1112
236
59020
1098
248
59040
1090
257
59060
1069
267
59080
1051
274
59100
1028
290
59120
1013
299
59140
1001
309
59160
971
329
59180
950
331
59200
930
345
59220
906
358
59240
890
374
59260
871
388
59280
847
407
59300
820
419
59320
786
438
59340
761
449
59360
735
460
59380
711
485
59400
693
500
59420
678
520
59440
672
541
59460
660
572
59480
644
589
59500
626
602
59520
597
631
59540
575
651
59560
554
669
59580
525
694
59600
506
716
59620
482
742
59640
466
770
59660
444
800
59680
433
822
59700
417
847
59720
401
869
59740
376
903
59760
347
922
59780
307
961
59800
277
981
59820
243
1018
59840
204
1055
59860
