624
134
58640
576
79
58660
583
89
58680
590
103
58700
587
113
58720
580
122
58740
568
137
58760
558
152
58780
551
163
58800
552
174
58820
567
184
58840
585
196
58860
599
212
58880
616
218
58900
622
230
58920
647
245
58940
671
256
58960
695
269
58980
714
280
59000
737
296
59020
764
308
59040
785
323
59060
816
336
59080
841
356
59100
869
368
59120
901
389
59140
930
399
59160
952
414
59180
980
440
59200
1012
457
59220
1037
481
59240
1055
497
59260
1079
520
59280
1101
546
59300
1130
568
59320
1151
598
59340
1172
627
59360
1203
655
59380
1230
688
59400
1262
711
59420
1295
749
59440
1319
783
59460
1346
821
59480
1374
853
59500
1399
897
59520
1423
943
59540
1454
986
59560
1476
1032
59580
