1535
338
59580
1508
327
59600
1477
314
59620
1446
302
59640
1411
290
59660
1381
279
59680
1351
268
59700
1319
254
59720
1295
246
59740
1263
234
59760
1227
223
59780
1203
217
59800
1171
200
59820
1149
193
59840
1124
184
59860
1119
174
59880
1114
161
59900
1116
153
59920
1118
144
59940
1123
124
59960
1122
115
59980
1117
109
60000
1116
98
60020
1116
84
60040
1113
74
60060
1095
63
60080
1073
58
60100
1047
57
60120
1025
49
60140
