445
1000
59360
505
949
59380
566
910
59400
638
887
59420
712
870
59440
785
852
59460
860
848
59480
935
831
59500
1006
830
59520
1066
807
59540
1111
781
59560
1152
747
59580
1183
712
59600
1213
676
59620
1234
637
59640
1252
603
59660
1253
566
59680
1250
530
59700
1269
505
59720
1286
473
59740
1301
448
59760
1320
423
59780
1334
398
59800
1349
375
59820
1357
356
59840
1368
331
59860
1379
308
59880
1384
288
59900
1396
272
59920
1398
252
59940
1386
235
59960
1381
212
59980
1376
200
60000
1370
179
60020
1367
165
60040
1362
145
60060
1355
130
60080
1350
117
60100
1344
104
60120
1341
88
60140
1330
77
60160
