117
990
59460
131
964
59480
148
918
59500
167
875
59520
185
833
59540
203
792
59560
222
756
59580
247
720
59600
274
689
59620
292
660
59640
314
630
59660
340
602
59680
361
570
59700
392
542
59720
402
524
59740
442
466
59760
463
441
59780
479
418
59800
494
400
59820
512
374
59840
532
357
59860
545
338
59880
551
316
59900
560
299
59920
569
279
59940
571
260
59960
570
248
59980
566
234
60000
551
214
60020
549
186
60060
545
168
60080
534
157
60100
520
145
60120
514
134
60140
506
120
60160
499
113
60180
486
99
60200
476
89
60220
466
80
60240
462
68
60260
464
58
60280
