597
165
60360
624
180
60380
654
191
60400
686
192
60420
718
203
60440
751
224
60460
783
235
60480
816
250
60500
854
263
60520
889
269
60540
928
285
60560
966
302
60580
1001
313
60600
1030
337
60620
1061
348
60640
1103
375
60660
1146
389
60680
1184
403
60700
1227
421
60720
1275
438
60740
1324
451
60760
1379
473
60780
1427
489
60800
1469
512
60820
1523
529
60840
1584
543
60860
1638
551
60880
1705
554
60900
1766
565
60920
