572
111
60700
574
123
60720
584
133
60740
583
149
60760
587
161
60780
596
181
60800
608
184
60820
618
195
60840
631
211
60860
642
230
60880
662
243
60900
682
263
60920
706
270
60940
728
285
60960
743
304
60980
759
321
61000
791
336
61020
825
351
61040
858
362
61060
895
371
61080
928
385
61100
969
405
61120
1010
420
61140
1045
429
61160
1084
444
61180
1126
463
61200
1175
469
61220
1224
483
61240
1268
495
61260
1320
512
61280
1367
525
61300
1413
539
61320
1466
555
61340
1512
569
61360
1566
579
61380
1614
590
61400
1663
599
61420
1705
610
61440
1745
615
61460
