1837
908
60540
1784
912
60560
1675
863
60580
1581
809
60600
1512
776
60620
1466
742
60640
1426
704
60660
1407
676
60680
1387
637
60700
1368
614
60720
1337
579
60740
1317
551
60760
1289
526
60780
1275
504
60800
1260
477
60820
1242
451
60840
1231
428
60860
1224
407
60880
1213
385
60900
1197
363
60920
1176
346
60940
1160
330
60960
1152
309
60980
1152
291
61000
1148
274
61020
1142
260
61040
1131
245
61060
1126
234
61080
1118
208
61100
1111
198
61120
1113
174
61140
1113
170
61160
1104
127
61200
1098
105
61220
1098
91
61240
1096
75
61260
1097
69
61280
1087
59
61300
1073
64
61320
1046
54
61340
1021
42
61360
