1881
994
60600
1845
992
60620
1813
975
60640
1786
968
60660
1763
952
60680
1736
944
60700
1706
936
60720
1669
927
60740
1630
929
60760
1594
919
60780
1550
906
60800
1508
898
60820
1465
888
60840
1421
882
60860
1386
873
60880
1334
879
60900
1284
873
60920
1242
856
60940
1197
856
60960
1151
846
60980
1110
840
61000
1073
835
61020
1023
837
61040
985
834
61060
935
839
61080
893
838
61100
851
837
61120
802
833
61140
759
829
61160
724
813
61180
686
799
61200
646
788
61220
619
770
61240
589
759
61260
557
741
61280
522
725
61300
497
712
61320
456
697
61340
437
688
61360
400
674
61380
368
667
61400
343
653
61420
311
644
61440
282
631
61460
249
623
61480
223
614
61500
199
598
61520
172
581
61540
139
569
61560
105
564
61580
67
550
61600
29
549
61620
