1863
1015
60400
1838
1014
60420
1817
1018
60440
1803
1008
60460
1802
1024
60480
1798
1020
60580
1798
1020
60600
1775
1008
60620
1750
1000
60640
1724
986
60660
1683
969
60680
1650
957
60700
1607
940
60720
1569
937
60740
1538
929
60760
1509
929
60780
1483
936
60800
1455
937
60820
1435
935
60840
1411
941
60860
1389
940
60880
1367
946
60900
1352
949
60920
1353
947
60940
1351
946
60960
1349
947
60980
1294
940
62380
1245
953
62400
1203
974
62420
1156
1004
62440
1109
1034
62460
1049
1050
62480
