761
1035
60860
807
1046
60880
859
966
60900
903
935
60920
943
901
60940
983
877
60960
1019
840
60980
1042
807
61000
1072
772
61020
1099
744
61040
1125
718
61060
1141
692
61080
1163
660
61100
1180
633
61120
1190
605
61140
1200
583
61160
1204
560
61180
1212
534
61200
1208
507
61220
1201
488
61240
1195
466
61260
1205
442
61280
1218
425
61300
1233
403
61320
1250
382
61340
1265
369
61360
1273
352
61380
1278
338
61400
1286
318
61420
1286
305
61440
1294
293
61460
1305
275
61480
1310
261
61500
1310
248
61520
1314
230
61540
1320
218
61560
1319
207
61580
1322
195
61600
1316
176
61620
1323
163
61640
1320
156
61660
1315
139
61680
1311
134
61700
1308
118
61720
1305
110
61740
1298
100
61760
1290
90
61780
1286
76
61800
1282
68
61820
