604
153
61340
613
162
61360
630
180
61380
650
194
61400
676
201
61420
711
214
61440
745
225
61460
783
239
61480
814
251
61500
855
260
61520
894
273
61540
932
290
61560
966
301
61580
1008
312
61600
1046
329
61620
1086
347
61640
1120
364
61660
1160
383
61680
1201
401
61700
1248
411
61720
1287
438
61740
1336
451
61760
1382
467
61780
1437
486
61800
1486
504
61820
1532
519
61840
1592
538
61860
1647
542
61880
1702
550
61900
1760
550
61920
