1862
988
61080
1809
979
61100
1755
955
61120
1702
930
61140
1653
899
61160
1605
872
61180
1561
873
61200
1511
850
61220
1444
786
61240
1405
769
61260
1366
751
61280
1330
726
61300
1294
704
61320
1261
683
61340
1232
663
61360
1202
638
61380
1187
617
61400
1164
594
61420
1144
574
61440
1121
550
61460
1103
530
61480
1079
509
61500
1047
491
61520
1021
470
61540
998
452
61560
986
429
61580
976
410
61600
960
390
61620
945
373
61640
932
353
61660
919
336
61680
913
318
61700
916
300
61720
911
282
61740
918
266
61760
911
250
61780
907
236
61800
902
223
61820
894
206
61840
886
192
61860
884
178
61880
882
171
61900
882
177
61920
881
182
61940
879
183
61960
860
183
61980
839
181
62000
821
178
62020
