1691
514
61420
1646
513
61440
1595
504
61460
1551
479
61480
1504
460
61500
1465
440
61520
1425
426
61540
1377
407
61560
1339
395
61580
1300
383
61600
1253
369
61620
1213
360
61640
1172
342
61660
1137
328
61680
1098
313
61700
1071
301
61720
1041
290
61740
1014
277
61760
984
265
61780
944
254
61800
906
249
61820
865
242
61840
832
234
61860
791
226
61880
755
224
61900
717
219
61920
685
213
61940
662
207
61960
640
193
61980
630
191
62000
623
179
62020
624
169
62040
622
154
62060
626
144
62080
629
129
62100
632
115
62120
645
103
62140
646
92
62160
633
85
62180
