712
1048
61720
747
1050
61740
793
1032
61760
836
1016
61780
898
897
61800
934
872
61820
970
831
61840
998
790
61860
1024
763
61880
1046
730
61900
1062
689
61920
1082
669
61940
1095
639
61960
1116
608
61980
1138
587
62000
1155
558
62020
1170
529
62040
1182
508
62060
1205
485
62080
1223
466
62100
1240
444
62120
1255
423
62140
1259
401
62160
1267
377
62180
1267
365
62200
1271
346
62220
1270
326
62240
1274
306
62260
1274
288
62280
1277
275
62300
1276
255
62320
1280
245
62340
1284
227
62360
1288
212
62380
1290
202
62400
1291
187
62420
1288
169
62440
1288
156
62460
1286
150
62480
1287
137
62500
1298
125
62520
1291
114
62540
1292
102
62560
1290
91
62580
1286
77
62600
1281
70
62620
