1878
894
62800
1836
870
62820
1789
842
62840
1744
812
62860
1700
785
62880
1658
757
62900
1623
729
62920
1589
693
62940
1555
668
62960
1525
639
62980
1498
619
63000
1474
591
63020
1452
568
63040
1429
545
63060
1409
515
63080
1384
499
63100
1376
475
63120
1360
455
63140
1359
434
63160
1346
417
63180
1329
396
63200
1308
377
63220
1291
360
63240
1271
343
63260
1249
329
63280
1228
308
63300
1210
293
63320
1196
279
63340
1194
267
63360
1182
252
63380
1172
236
63400
1153
220
63420
1146
207
63440
1130
195
63460
1129
188
63480
1115
167
63500
1121
149
63520
1121
142
63540
1121
132
63560
1120
113
63580
1116
103
63600
1112
89
63620
1107
81
63640
1107
70
63660
1092
62
63680
1069
56
63700
1037
47
63720
1023
45
63740
