162
1004
62380
184
956
62400
205
903
62420
226
863
62440
243
816
62460
257
776
62480
275
733
62500
295
707
62520
311
670
62540
329
632
62560
350
597
62580
363
568
62600
378
532
62620
393
517
62640
411
492
62660
429
461
62680
443
437
62700
457
414
62720
477
400
62740
483
368
62760
493
351
62780
501
334
62800
507
312
62820
512
296
62840
528
283
62860
531
264
62880
539
240
62900
538
226
62920
537
211
62940
534
196
62960
537
182
62980
544
167
63000
556
154
63020
574
142
63040
582
126
63060
573
115
63080
567
102
63100
559
98
63120
556
81
63140
544
67
63160
545
63
63180
