1256
93
62060
1265
111
62080
1283
129
62100
1295
140
62120
1300
152
62140
1308
167
62160
1313
178
62180
1323
193
62200
1332
210
62220
1344
223
62240
1353
241
62260
1364
258
62280
1379
273
62300
1393
290
62320
1405
310
62340
1413
329
62360
1421
349
62380
1429
368
62400
1446
392
62420
1444
413
62440
1453
437
62460
1469
472
62480
1484
516
62500
1515
559
62520
1551
605
62540
1616
647
62560
1680
714
62580
1745
765
62600
1836
820
62620
