1791
1046
62900
1750
1056
62920
1713
1010
62940
1647
902
62960
1608
859
62980
1581
817
63000
1551
770
63020
1522
730
63040
1493
695
63060
1465
655
63080
1437
631
63100
1418
595
63120
1396
569
63140
1375
542
63160
1340
509
63180
1312
485
63200
1287
454
63220
1268
436
63240
1256
407
63260
1240
389
63280
1231
368
63300
1212
346
63320
1200
326
63340
1180
293
63360
1170
286
63380
1160
268
63400
1150
253
63420
1139
237
63440
1126
220
63460
1103
198
63480
1094
178
63500
1090
149
63520
1091
130
63540
1092
101
63560
1098
77
63580
1080
68
63600
1058
58
63620
1023
53
63640
