509
156
62260
518
175
62280
521
184
62300
522
198
62320
525
209
62340
529
220
62360
533
233
62380
541
244
62400
550
257
62420
558
267
62440
562
279
62460
564
291
62480
564
305
62500
568
320
62520
572
334
62540
582
351
62560
591
365
62580
603
382
62600
618
399
62620
631
414
62640
640
435
62660
650
455
62680
656
475
62700
659
498
62720
664
520
62740
668
544
62760
679
567
62780
690
587
62800
697
621
62820
707
647
62840
719
668
62860
739
700
62880
767
727
62900
813
748
62920
849
769
62940
872
794
62960
883
820
62980
890
855
63000
909
881
63020
938
914
63040
963
943
63060
1000
972
63080
1037
1008
63100
1062
1038
63120
