672
1038
63520
719
1010
63540
779
953
63560
832
922
63580
877
885
63600
916
849
63620
946
812
63640
977
777
63660
1013
743
63680
1048
709
63700
1078
680
63720
1110
655
63740
1130
623
63760
1153
595
63780
1167
568
63800
1179
542
63820
1194
513
63840
1209
483
63860
1221
467
63880
1233
442
63900
1243
417
63920
1246
398
63940
1250
372
63960
1258
352
63980
1263
340
64000
1260
318
64020
1261
297
64040
1260
276
64060
1268
257
64080
1271
244
64100
1274
226
64120
1276
211
64140
1282
195
64160
1284
185
64180
1287
171
64200
1290
155
64220
1296
148
64240
1298
130
64260
1300
119
64280
1297
112
64300
1293
99
64320
1293
85
64340
1293
78
64360
1289
68
64380
