1114
1021
63200
1089
980
63220
1062
940
63240
1029
903
63260
991
868
63280
958
839
63300
922
807
63320
882
781
63340
845
759
63360
810
725
63380
784
703
63400
766
681
63420
737
660
63440
695
644
63460
659
625
63480
627
604
63500
593
594
63520
571
565
63540
564
539
63560
553
522
63580
532
494
63600
525
472
63620
518
451
63640
516
433
63660
516
408
63680
524
390
63700
529
375
63720
530
356
63740
534
332
63760
534
317
63780
535
300
63800
537
288
63820
536
268
63840
528
255
63860
531
241
63880
531
228
63900
532
210
63920
532
197
63940
530
183
63960
522
171
63980
514
159
64000
509
150
64020
502
138
64040
494
125
64060
488
110
64080
489
104
64100
486
90
64120
485
82
64140
487
74
64160
496
64
64180
501
57
64200
