700
1036
63200
733
1035
63220
770
1013
63240
806
994
63260
845
983
63280
882
962
63300
911
940
63320
946
921
63340
980
902
63360
1012
882
63380
1042
862
63400
1078
847
63420
1112
827
63440
1140
808
63460
1165
791
63480
1185
773
63500
1195
751
63520
1198
729
63540
1211
712
63560
1217
692
63580
1218
672
63600
1235
670
63620
1243
649
63640
1247
630
63660
1255
619
63680
1268
557
63700
1280
543
63720
1287
526
63740
1304
507
63760
1320
497
63780
1331
484
63800
1334
468
63820
1338
449
63840
1346
437
63860
1348
419
63880
1345
404
63900
1353
394
63920
1352
380
63940
1352
371
63960
1358
360
63980
1366
351
64000
1373
327
64040
1382
314
64060
1386
305
64080
1391
296
64100
1399
284
64120
1395
272
64140
1392
262
64160
1382
251
64180
1380
242
64200
1368
230
64220
1363
224
64240
1355
214
64260
1346
203
64280
1335
194
64300
1343
182
64320
1347
178
64340
1358
168
64360
1360
161
64380
1363
155
64400
1368
143
64420
1368
138
64440
1366
130
64460
1368
123
64480
1366
113
64500
1359
104
64520
1353
98
64540
1345
92
64560
1341
82
64580
1334
73
64600
