1482
1035
63600
1463
1044
63620
1427
999
63640
1392
952
63660
1356
910
63680
1320
872
63700
1288
834
63720
1259
798
63740
1237
762
63760
1210
731
63780
1179
701
63800
1159
676
63820
1140
652
63840
1111
623
63860
1083
598
63880
1061
568
63900
1042
542
63920
1019
514
63940
974
443
63960
943
427
63980
911
399
64000
882
382
64020
857
362
64040
829
348
64060
802
329
64080
774
313
64100
751
295
64120
731
280
64140
710
264
64160
696
246
64180
681
230
64200
663
216
64220
643
204
64240
626
187
64260
620
173
64280
618
160
64300
622
143
64320
621
130
64340
619
116
64360
616
103
64380
623
91
64400
621
78
64420
625
66
64440
