1671
1052
63420
1665
1043
63440
1649
1006
63460
1639
970
63480
1634
929
63500
1618
886
63520
1614
847
63540
1607
809
63560
1597
775
63580
1577
742
63600
1556
708
63620
1537
676
63640
1525
647
63660
1515
620
63680
1508
591
63700
1505
565
63720
1497
543
63740
1490
518
63760
1485
493
63780
1476
469
63800
1468
446
63820
1455
424
63840
1456
403
63860
1439
383
63880
1438
364
63900
1423
311
63920
1415
296
63940
1410
276
63960
1400
263
63980
1382
245
64000
1366
232
64020
1350
219
64040
1336
209
64060
1324
191
64080
1320
180
64100
1311
169
64120
1306
152
64140
1303
143
64160
1300
133
64180
1297
119
64200
1298
108
64220
1295
97
64240
1296
84
64260
1296
75
64280
1295
68
64300
