1832
826
63440
1766
807
63460
1695
796
63480
1627
769
63500
1572
735
63520
1526
690
63540
1476
656
63560
1429
631
63580
1382
603
63600
1330
572
63620
1285
551
63640
1231
526
63660
1184
505
63680
1145
480
63700
1106
455
63720
1072
432
63740
1038
409
63760
1003
389
63780
968
370
63800
939
353
63820
904
335
63840
867
316
63860
836
299
63880
806
285
63900
772
270
63920
738
256
63940
706
240
63960
671
229
63980
645
218
64000
624
206
64020
599
150
64100
589
133
64120
587
123
64140
583
107
64160
580
94
64180
583
81
64200
592
70
64220
593
59
64240
