1843
822
63860
1795
811
63880
1749
801
63900
1701
794
63920
1651
785
63940
1591
774
63960
1530
759
63980
1475
748
64000
1406
736
64020
1342
723
64040
1281
722
64060
1221
713
64080
1156
706
64100
1092
702
64120
1029
691
64140
970
690
64160
911
681
64180
851
676
64200
794
676
64220
740
666
64240
680
662
64260
622
656
64280
565
647
64300
509
648
64320
456
635
64340
403
629
64360
352
614
64380
304
608
64400
250
605
64420
192
604
64440
136
603
64460
80
598
64480
