1609
1033
63960
1577
1000
63980
1547
964
64000
1529
928
64020
1516
891
64040
1496
855
64060
1475
819
64080
1453
783
64100
1428
759
64120
1407
724
64140
1381
696
64160
1360
667
64180
1344
642
64200
1330
611
64220
1319
588
64240
1302
562
64260
1285
543
64280
1272
516
64300
1269
494
64320
1266
473
64340
1261
453
64360
1260
438
64380
1252
426
64400
1247
408
64420
1239
390
64440
1224
371
64460
1209
358
64480
1193
340
64500
1187
322
64520
1182
307
64540
1171
292
64560
1165
276
64580
1156
261
64600
1146
248
64620
1130
235
64640
1123
224
64660
1100
213
64680
1086
201
64700
1070
189
64720
1063
169
64740
1066
154
64760
1063
143
64780
1064
130
64800
1065
115
64820
1065
103
64840
1059
90
64860
1048
82
64880
1036
71
64900
1026
64
64920
1014
57
64940
1003
47
64960
990
42
64980
