1196
85
64740
1207
91
64760
1211
100
64780
1208
111
64800
1209
124
64820
1211
132
64840
1219
144
64860
1227
151
64880
1231
167
64900
1236
183
64920
1243
191
64940
1254
205
64960
1263
219
64980
1265
230
65000
1266
242
65020
1273
260
65040
1287
270
65060
1298
291
65080
1308
311
65100
1323
322
65120
1342
336
65140
1357
351
65160
1370
369
65180
1376
382
65200
1382
396
65220
1402
420
65240
1420
439
65260
1441
460
65280
1466
481
65300
1495
504
65320
1525
522
65340
1562
542
65360
1614
548
65380
1665
556
65400
1705
562
65420
1753
560
65440
