1007
1048
64440
974
1065
64460
944
1040
64480
907
1024
64500
868
1002
64520
839
976
64540
806
956
64560
782
932
64580
764
909
64600
733
891
64620
717
861
64640
707
840
64660
685
818
64680
669
790
64700
651
768
64720
622
753
64740
600
730
64760
589
706
64780
579
686
64800
570
662
64820
568
641
64840
561
620
64860
553
601
64880
545
567
64900
538
545
64920
539
531
64940
546
511
64960
558
496
64980
559
474
65000
559
461
65020
565
441
65040
564
428
65060
559
414
65080
562
396
65100
560
386
65120
558
368
65140
559
356
65160
556
344
65180
554
331
65200
552
316
65220
550
304
65240
546
293
65260
544
283
65280
542
273
65300
535
261
65320
536
247
65340
537
235
65360
533
222
65380
529
212
65400
523
204
65420
514
192
65440
513
185
65460
504
175
65480
500
168
65500
500
157
65520
501
147
65540
505
141
65560
509
132
65580
505
122
65600
507
113
65620
510
104
65640
509
96
65660
503
85
65680
512
81
65700
516
74
65720
512
67
65740
514
59
65760
