371
1035
64660
377
1027
64680
400
978
64700
421
934
64720
441
894
64740
463
853
64760
481
813
64780
497
780
64800
515
745
64820
527
711
64840
534
680
64860
545
649
64880
559
617
64900
576
593
64920
590
569
64940
603
545
64960
618
517
64980
634
493
65000
647
468
65020
659
451
65040
668
430
65060
678
406
65080
690
376
65100
699
366
65120
705
349
65140
711
301
65160
719
285
65180
722
272
65200
723
252
65220
727
241
65240
732
226
65260
739
212
65280
744
197
65300
745
182
65320
745
157
65340
744
144
65360
749
127
65380
750
107
65400
751
92
65420
758
79
65440
769
73
65460
786
60
65480
795
52
65500
815
48
65520
842
49
65540
863
49
65560
