467
1052
64820
493
1045
64840
515
1019
64860
527
966
64880
539
916
64900
552
873
64920
587
836
64940
607
794
64960
596
750
64980
586
703
65000
584
663
65020
594
619
65040
611
593
65060
628
585
65080
639
557
65100
659
549
65120
701
552
65140
756
545
65160
796
551
65180
796
570
65200
796
571
65220
796
570
65240
796
570
65260
1043
571
65280
1066
596
65300
1082
626
65320
1084
654
65340
1090
683
65360
1098
709
65380
1092
732
65400
1089
760
65420
1095
791
65440
1106
823
65460
1134
859
65480
1166
898
65500
1205
939
65520
1241
988
65540
1277
1028
65560
1321
1067
65580
