1894
870
65060
1847
864
65080
1800
862
65100
1747
857
65120
1700
840
65140
1656
831
65160
1611
825
65180
1561
826
65200
1516
821
65220
1480
805
65240
1444
806
65260
1415
791
65280
1370
782
65300
1324
779
65320
1278
771
65340
1229
767
65360
1188
764
65380
1157
756
65400
1118
746
65420
1080
733
65440
1035
718
65460
992
712
65480
940
702
65500
896
691
65520
850
675
65540
801
663
65560
762
654
65580
708
650
65600
658
648
65620
613
633
65640
560
636
65660
510
628
65680
470
629
65700
419
623
65720
366
620
65740
325
618
65760
285
615
65780
236
610
65800
194
609
65820
149
607
65840
101
605
65860
