558
198
65080
571
213
65100
582
237
65120
608
256
65140
634
273
65160
662
289
65180
688
307
65200
726
329
65220
762
349
65240
803
367
65260
842
384
65280
886
400
65300
926
419
65320
970
439
65340
1015
463
65360
1050
490
65380
1088
515
65400
1135
538
65420
1179
565
65440
1222
595
65460
1268
629
65480
1321
665
65500
1375
686
65520
1403
703
65540
1438
724
65560
1499
758
65580
1573
789
65600
1641
829
65620
1718
870
65640
1790
911
65660
1876
948
65680
