1705
1045
64940
1674
1058
64960
1648
1020
64980
1628
987
65000
1598
953
65020
1571
922
65040
1531
894
65060
1492
871
65080
1450
840
65100
1428
801
65120
1402
770
65140
1395
741
65160
1375
716
65180
1357
687
65200
1332
658
65220
1319
634
65240
1305
606
65260
1287
586
65280
1271
566
65300
1255
534
65320
1233
522
65340
1208
507
65360
1189
485
65380
1172
459
65400
1159
442
65420
1135
395
65440
1137
379
65460
1141
356
65480
1144
342
65500
1147
325
65520
1153
311
65540
1166
297
65560
1175
282
65580
1176
267
65600
1179
252
65620
1184
238
65640
1188
225
65660
1187
213
65680
1184
199
65700
1193
186
65720
1196
178
65740
1194
164
65760
1194
151
65780
1193
142
65800
1199
131
65820
1200
120
65840
1198
111
65860
1192
99
65880
1194
91
65900
1190
81
65920
1192
70
65940
