1050
145
65480
1048
164
65500
1047
186
65520
1047
201
65540
1055
221
65560
1067
234
65580
1078
243
65600
1098
259
65620
1124
274
65640
1144
285
65660
1164
298
65680
1176
315
65700
1186
327
65720
1198
352
65740
1217
365
65760
1230
383
65780
1249
402
65800
1266
424
65820
1281
443
65840
1283
466
65860
1292
491
65880
1306
506
65900
1317
532
65920
1332
558
65940
1340
581
65960
1346
613
65980
1355
639
66000
1370
664
66020
1388
700
66040
1414
729
66060
1432
761
66080
1460
800
66100
1498
839
66120
1517
875
66140
1518
930
66160
1513
969
66180
1524
1017
66200
1546
1062
66220
