1894
836
65660
1829
822
65680
1770
808
65700
1707
788
65720
1656
766
65740
1596
746
65760
1545
723
65780
1494
703
65800
1434
676
65820
1388
659
65840
1341
626
65860
1298
604
65880
1248
582
65900
1206
557
65920
1172
538
65940
1147
514
65960
1119
496
65980
1078
478
66000
1038
458
66020
1002
441
66040
972
421
66060
942
402
66080
910
379
66100
876
362
66120
846
339
66140
815
330
66160
791
312
66180
762
295
66200
734
285
66220
709
264
66240
685
255
66260
666
235
66280
650
226
66300
639
213
66320
628
198
66340
620
191
66360
617
172
66380
611
161
66400
602
141
66420
599
132
66440
602
121
66460
608
109
66480
608
99
66500
602
86
66520
600
79
66540
586
62
66560
576
55
66580
