320
1028
65720
310
1025
65740
306
1024
65760
304
1023
65780
300
1012
65800
286
963
65820
288
947
65840
296
916
65860
303
899
65880
314
886
65900
322
852
65920
330
828
65940
337
815
65960
344
792
65980
346
773
66000
344
761
66020
344
742
66040
334
732
66060
341
713
66080
343
697
66100
342
685
66120
344
675
66140
350
666
66160
362
656
66180
383
633
66200
404
604
66220
428
591
66240
451
590
66260
478
589
66280
514
577
66300
537
570
66320
563
563
66340
589
558
66360
607
551
66380
639
540
66400
666
532
66420
697
525
66440
734
519
66460
762
516
66480
790
512
66500
1015
546
66700
1025
562
66720
1040
572
66740
1042
578
66760
1054
586
66780
1052
587
66800
1056
582
66820
1059
596
66840
1075
604
66860
1085
617
66880
1093
633
66900
1112
639
66920
1124
653
66940
1126
669
66960
1141
681
66980
1152
693
67000
1160
706
67020
1171
726
67040
1162
743
67060
1179
760
67080
1174
767
67100
1183
785
67120
1188
795
67140
1179
814
67160
1190
829
67180
1181
841
67200
1201
861
67220
1201
866
67240
1209
884
67260
1219
903
67280
1226
919
67300
1242
933
67320
1257
961
67340
1277
976
67360
1305
996
67380
1320
1017
67400
1332
1034
67420
1361
1053
67440
1377
1072
67460
