554
155
65600
543
171
65620
538
185
65640
546
206
65660
562
219
65680
572
229
65700
573
249
65720
579
267
65740
582
284
65760
585
302
65780
589
327
65800
588
346
65820
589
369
65840
605
390
65860
642
409
65880
688
415
65900
744
422
65920
791
430
65940
847
428
65960
902
429
65980
954
433
66000
1003
435
66020
1051
444
66040
1090
461
66060
1140
480
66080
1180
510
66100
1232
527
66120
1283
550
66140
1334
568
66160
1393
581
66180
1455
599
66200
1513
604
66220
1574
613
66240
1629
617
66260
1683
609
66280
1721
608
66300
1768
609
66320
