586
157
65580
595
175
65600
612
188
65620
639
199
65640
661
214
65660
691
229
65680
725
242
65700
750
255
65720
778
269
65740
808
285
65760
832
303
65780
864
318
65800
894
336
65820
925
355
65840
955
371
65860
996
391
65880
1031
411
65900
1076
428
65920
1114
451
65940
1148
473
65960
1170
501
65980
1185
525
66000
1204
562
66020
1229
592
66040
1253
620
66060
1259
652
66080
1270
696
66100
1271
732
66120
1284
773
66140
1306
810
66160
1334
854
66180
1375
899
66200
1416
936
66220
1460
972
66240
1491
1012
66260
1524
1064
66280
