1727
1014
65800
1678
969
65820
1636
923
65840
1603
883
65860
1567
842
65880
1536
806
65900
1510
764
65920
1480
730
65940
1448
692
65960
1421
657
65980
1393
625
66000
1373
594
66020
1351
569
66040
1330
540
66060
1308
514
66080
1284
485
66100
1256
465
66120
1232
441
66140
1218
415
66160
1210
394
66180
1204
370
66200
1189
350
66220
1176
326
66240
1164
309
66260
1154
290
66280
1148
270
66300
1139
255
66320
1131
238
66340
1124
221
66360
1121
206
66380
1116
190
66400
1111
171
66420
1109
154
66440
1104
139
66460
1106
129
66480
1103
116
66500
1098
104
66520
1096
92
66540
1094
82
66560
1083
73
66580
1059
66
66600
1033
59
66620
1016
52
66640
1003
46
66660
