1854
1041
65760
1831
1041
65780
1788
963
65800
1757
922
65820
1745
892
65840
1739
858
65860
1719
813
65880
1699
780
65900
1672
743
65920
1651
706
65940
1630
674
65960
1616
642
65980
1596
613
66000
1583
583
66020
1549
561
66040
1520
538
66060
1503
508
66080
1487
487
66100
1475
461
66120
1461
437
66140
1450
416
66160
1450
395
66180
1445
373
66200
1443
354
66220
1442
334
66240
1439
318
66260
1435
300
66280
1426
279
66300
1419
264
66320
1407
246
66340
1400
229
66360
1392
217
66380
1383
204
66400
1381
187
66420
1373
170
66440
1374
158
66460
1371
145
66480
1358
135
66500
1351
118
66520
1339
107
66540
1335
101
66560
1321
82
66580
1316
75
66600
