590
141
65900
593
148
65920
597
159
65940
602
169
65960
612
179
65980
624
190
66000
645
201
66020
675
205
66040
715
214
66060
748
216
66080
777
227
66100
805
237
66120
823
251
66140
835
267
66160
848
285
66180
860
297
66200
869
314
66220
886
329
66240
907
345
66260
930
364
66280
946
375
66300
970
395
66320
994
412
66340
1014
427
66360
1033
446
66380
1053
469
66400
1077
492
66420
1101
516
66440
1133
534
66460
1152
556
66480
1169
583
66500
1182
605
66520
1201
632
66540
1225
659
66560
1253
692
66580
1291
719
66600
1337
745
66620
1379
770
66640
1418
798
66660
1455
828
66680
1492
864
66700
1544
893
66720
1604
910
66740
1669
933
66760
1728
947
66780
1793
963
66800
1859
979
66820
