1183
88
66440
1185
104
66460
1187
118
66480
1189
128
66500
1191
133
66520
1190
146
66540
1193
155
66560
1196
167
66580
1199
180
66600
1203
191
66620
1204
201
66640
1199
211
66660
1194
220
66680
1198
226
66700
1193
236
66720
1192
246
66740
1190
255
66760
1183
265
66780
1172
275
66800
1157
287
66820
1137
294
66840
1119
303
66860
1104
313
66880
1085
323
66900
1059
334
66920
1040
333
66940
1011
346
66960
986
360
66980
956
374
67000
931
386
67020
910
399
67040
882
413
67060
851
429
67080
830
446
67100
809
461
67120
785
477
67140
757
492
67160
737
507
67180
714
527
67200
694
545
67220
686
568
67240
681
592
67260
670
608
67280
655
630
67300
631
657
67320
622
688
67340
605
714
67360
583
746
67380
553
770
67400
533
800
67420
508
842
67440
482
873
67460
460
902
67480
436
942
67500
414
978
67520
382
1011
67540
350
1054
67560
