1234
88
66680
1232
100
66700
1235
113
66720
1237
123
66740
1245
138
66760
1249
151
66780
1251
166
66800
1261
180
66820
1266
199
66840
1269
217
66860
1266
226
66880
1260
245
66900
1254
261
66920
1250
276
66940
1253
296
66960
1276
316
66980
1295
339
67000
1311
354
67020
1328
383
67040
1340
407
67060
1356
435
67080
1373
461
67100
1383
483
67120
1403
515
67140
1421
552
67160
1436
570
67180
1450
612
67200
1471
640
67220
1499
676
67240
1520
712
67260
1543
746
67280
1571
786
67300
1592
836
67320
1621
875
67340
1644
923
67360
1676
965
67380
1702
1022
67400
