1869
903
66500
1799
909
66520
1746
914
66540
1676
915
66560
1601
918
66580
1540
912
66600
1466
908
66620
1392
904
66640
1321
899
66660
1246
881
66680
1187
878
66700
1121
872
66720
1038
865
66740
973
859
66760
907
841
66780
839
824
66800
781
808
66820
725
790
66840
663
767
66860
608
742
66880
550
732
66900
488
711
66920
437
695
66940
382
683
66960
327
669
66980
280
661
67000
229
643
67020
190
629
67040
140
614
67060
86
596
67080
