597
152
66620
601
161
66640
607
172
66660
607
184
66680
616
197
66700
626
213
66720
640
226
66740
658
239
66760
679
250
66780
703
262
66800
721
277
66820
732
293
66840
750
311
66860
764
330
66880
785
342
66900
809
359
66920
833
380
66940
858
398
66960
874
416
66980
893
440
67000
912
456
67020
933
480
67040
958
498
67060
995
524
67080
1016
539
67100
1047
568
67120
1069
592
67140
1090
617
67160
1112
648
67180
1132
669
67200
1153
700
67220
1167
728
67240
1165
752
67260
1153
780
67280
1160
815
67300
1191
849
67320
1241
881
67340
1282
912
67360
1317
951
67380
1357
989
67400
1388
1030
67420
1418
1072
67440
