1557
369
66560
1518
370
66580
1479
367
66600
1443
363
66620
1411
359
66640
1379
351
66660
1345
344
66680
1308
338
66700
1270
332
66720
1231
323
66740
1191
317
66760
1160
309
66780
1125
301
66800
1093
291
66820
1056
289
66840
1020
280
66860
993
275
66880
958
272
66900
928
265
66920
894
257
66940
863
250
66960
827
241
66980
806
237
67000
772
229
67020
746
227
67040
716
216
67060
699
207
67080
676
198
67100
651
190
67120
627
190
67140
614
181
67160
603
182
67180
606
165
67200
612
155
67220
614
143
67240
614
134
67260
616
119
67280
614
111
67300
610
98
67320
606
86
67340
599
79
67360
594
70
67380
593
60
67400
