520
57
66780
520
70
66800
516
76
66820
508
87
66840
502
98
66860
496
112
66880
493
122
66900
495
134
66920
500
139
66940
498
156
66960
496
167
66980
486
174
67000
481
193
67020
494
202
67040
512
210
67060
516
227
67080
517
243
67100
514
256
67120
513
273
67140
511
285
67160
503
305
67180
498
319
67200
488
335
67220
479
360
67240
472
375
67260
457
390
67280
451
411
67300
442
428
67320
436
451
67340
429
470
67360
421
489
67380
411
509
67400
401
533
67420
387
555
67440
386
582
67460
378
605
67480
374
637
67500
363
660
67520
350
691
67540
330
722
67560
321
749
67580
302
779
67600
279
813
67620
253
838
67640
240
886
67660
219
921
67680
201
959
67700
176
996
67720
160
1040
67740
