1172
82
66860
1174
89
66880
1177
105
66900
1181
109
66920
1186
123
66940
1182
137
66960
1180
146
66980
1177
159
67000
1174
175
67020
1178
187
67040
1171
203
67060
1156
211
67080
1138
229
67100
1121
240
67120
1101
257
67140
1085
272
67160
1068
285
67180
1045
302
67200
1025
317
67220
1000
332
67240
980
346
67260
962
363
67280
940
377
67300
904
390
67320
876
405
67340
845
420
67360
818
438
67380
784
456
67400
756
475
67420
723
497
67440
690
520
67460
660
542
67480
632
564
67500
606
592
67520
583
620
67540
558
648
67560
532
678
67580
507
709
67600
484
745
67620
461
773
67640
441
812
67660
420
849
67680
399
896
67700
369
940
67720
339
987
67740
309
1032
67760
