506
151
67160
503
159
67180
502
171
67200
498
182
67220
502
190
67240
509
201
67260
516
211
67280
520
221
67300
520
235
67320
517
247
67340
511
261
67360
508
273
67380
510
285
67400
508
301
67420
496
322
67440
504
328
67460
501
344
67480
496
359
67500
497
376
67520
494
392
67540
485
409
67560
480
428
67580
472
445
67600
457
463
67620
445
481
67640
438
499
67660
428
522
67680
408
544
67700
398
563
67720
388
580
67740
368
598
67760
356
621
67780
347
643
67800
335
659
67820
317
689
67840
299
706
67860
293
732
67880
293
760
67900
283
788
67920
257
820
67940
242
852
67960
219
887
67980
205
921
68000
188
951
68020
172
994
68040
143
1037
68060
