552
63
66780
560
79
66800
564
89
66820
569
114
66840
572
123
66860
573
137
66880
568
146
66900
567
158
66920
571
171
66940
573
182
66960
588
194
66980
596
204
67000
612
216
67020
628
228
67040
645
213
67060
666
230
67080
683
236
67100
703
247
67120
733
256
67140
764
264
67160
795
273
67180
825
287
67200
857
296
67220
888
313
67240
919
322
67260
954
335
67280
988
344
67300
1020
356
67320
1053
367
67340
1089
378
67360
1122
390
67380
1158
403
67400
1196
414
67420
1237
434
67440
1273
449
67460
1312
456
67480
1354
472
67500
1397
483
67520
1442
494
67540
1483
503
67560
1523
519
67580
1567
529
67600
1615
541
67620
1660
546
67640
1706
556
67660
1742
554
67680
1779
558
67700
