1609
1024
66720
1571
991
66740
1541
961
66760
1516
930
66780
1494
898
66800
1477
871
66820
1463
841
66840
1445
813
66860
1418
791
66880
1392
769
66900
1367
741
66920
1347
718
66940
1325
693
66960
1304
674
66980
1281
651
67000
1260
626
67020
1234
609
67040
1217
593
67060
1197
573
67080
1169
548
67100
1154
536
67120
1125
519
67140
1097
495
67160
1076
481
67180
1057
468
67200
1028
455
67220
1012
439
67240
987
426
67260
966
415
67280
948
400
67300
929
391
67320
915
375
67340
895
364
67360
874
353
67380
858
342
67400
839
328
67420
814
322
67440
797
309
67460
776
299
67480
752
283
67500
737
274
67520
723
265
67540
701
255
67560
688
243
67580
672
238
67600
657
224
67620
647
216
67640
635
202
67660
619
197
67680
618
182
67700
606
168
67720
602
167
67740
599
152
67760
593
138
67780
592
138
67800
590
128
67820
593
115
67840
597
105
67860
592
97
67880
588
88
67900
588
79
67920
586
73
67940
586
65
67960
585
57
67980
