1278
78
68060
1291
98
68080
1298
111
68100
1303
123
68120
1308
138
68140
1312
148
68160
1318
162
68180
1314
177
68200
1331
193
68220
1326
210
68240
1332
228
68260
1340
248
68280
1344
255
68300
1353
269
68320
1362
285
68340
1373
309
68360
1381
329
68380
1392
346
68400
1403
360
68420
1413
382
68440
1424
407
68460
1435
421
68480
1447
443
68500
1458
471
68520
1469
496
68540
1489
498
68560
1488
523
68580
1495
552
68600
1505
571
68620
1507
602
68640
1512
633
68660
1521
669
68680
1535
700
68700
1549
736
68720
1577
770
68740
1593
809
68760
1612
848
68780
1624
892
68800
1643
935
68820
1656
976
68840
1678
1026
68860
1701
1070
68880
