1211
78
67700
1217
94
67720
1219
103
67740
1222
115
67760
1229
126
67780
1232
137
67800
1232
146
67820
1238
155
67840
1238
166
67860
1250
175
67880
1257
189
67900
1260
199
67920
1267
209
67940
1274
225
67960
1280
238
67980
1288
251
68000
1305
269
68020
1321
282
68040
1346
301
68060
1363
312
68080
1388
330
68100
1408
352
68120
1423
371
68140
1438
388
68160
1452
403
68180
1467
425
68200
1485
442
68220
1507
466
68240
1537
485
68260
1564
505
68280
1604
526
68300
1638
543
68320
1684
553
68340
1731
567
68360
1770
570
68380
