1822
1052
68480
1792
1051
68500
1753
1010
68520
1725
963
68540
1697
914
68560
1671
776
68580
1636
747
68600
1595
712
68620
1564
683
68640
1548
634
68660
1538
604
68680
1523
573
68700
1495
538
68720
1474
503
68740
1452
470
68760
1416
444
68780
1378
421
68800
1349
394
68820
1325
367
68840
1312
351
68860
1291
328
68880
1262
310
68900
1203
297
68920
1145
294
68940
1081
281
68960
1022
275
68980
954
270
69000
901
267
69020
841
254
69040
794
249
69060
739
244
69080
684
233
69100
636
237
69120
575
247
69140
528
250
69160
489
246
69180
460
244
69200
436
238
69220
432
237
69240
383
251
69740
422
246
70360
462
237
70380
513
231
70400
574
232
70420
628
229
70440
678
227
70460
739
231
70480
792
224
70500
845
221
70520
896
220
70540
947
213
70560
996
208
70580
1044
206
70600
1091
203
70620
1135
200
70640
1171
197
70660
1203
187
70680
1229
179
70700
1243
167
70720
1248
149
70740
1250
131
70760
1246
117
70780
1244
104
70800
1241
89
70820
1251
74
70840
1257
65
70860
