121
993
68320
141
969
68340
150
921
68360
173
876
68380
197
831
68400
226
788
68420
255
746
68440
281
706
68460
299
671
68480
316
605
68500
348
575
68520
366
546
68540
399
511
68560
426
488
68580
446
465
68600
456
438
68620
467
403
68640
474
381
68660
487
363
68680
495
342
68700
502
313
68720
501
299
68740
504
280
68760
506
258
68780
513
239
68800
514
224
68820
520
206
68840
522
190
68860
533
173
68880
546
163
68900
554
141
68920
563
128
68940
572
116
68960
585
100
68980
593
88
69000
595
79
69020
599
62
69040
