1510
1031
68420
1505
1036
68440
1486
1014
68460
1466
979
68480
1459
950
68500
1461
901
68520
1445
860
68540
1438
822
68560
1432
802
68580
1433
790
68600
1434
758
68620
1430
729
68640
1434
688
68660
1437
661
68680
1438
635
68700
1438
606
68720
1439
578
68740
1440
550
68760
1431
526
68780
1408
502
68800
1379
480
68820
1354
457
68840
1334
432
68860
1320
411
68880
1315
389
68900
1313
335
68920
1306
322
68940
1300
297
68960
1296
282
68980
1293
267
69000
1290
243
69020
1285
231
69040
1279
213
69060
1267
194
69080
1253
183
69100
1252
165
69120
1248
159
69140
1243
147
69160
1241
132
69180
1237
118
69200
1229
109
69220
1226
99
69240
1215
88
69260
1211
72
69280
1208
63
69300
