1164
91
68660
1171
103
68680
1180
119
68700
1184
131
68720
1189
146
68740
1189
159
68760
1184
180
68780
1166
182
68800
1162
200
68820
1149
213
68840
1138
226
68860
1111
238
68880
1081
253
68900
1051
264
68920
1024
283
68940
1003
299
68960
984
317
68980
961
332
69000
937
349
69020
910
365
69040
893
383
69060
875
405
69080
852
419
69100
827
443
69120
797
464
69140
760
480
69160
740
508
69180
716
539
69200
705
569
69220
689
599
69240
657
622
69260
621
656
69280
580
675
69300
523
703
69320
466
721
69340
419
759
69360
389
795
69380
364
832
69400
325
884
69420
296
928
69440
268
973
69460
223
1021
69480
184
1070
69500
