633
178
69500
636
191
69520
660
202
69540
691
209
69560
723
218
69580
758
234
69600
793
239
69620
826
255
69640
857
266
69660
889
274
69680
920
294
69700
953
309
69720
994
321
69740
1028
338
69760
1063
352
69780
1096
366
69800
1143
383
69820
1188
400
69840
1227
414
69860
1272
432
69880
1315
446
69900
1357
465
69920
1400
483
69940
1449
503
69960
1491
517
69980
1549
533
70000
1607
541
70020
1656
549
70040
1697
562
70060
1749
564
70080
1788
568
70100
