214
530
69520
271
514
69540
328
506
69560
376
490
69580
412
480
69600
447
464
69620
491
446
69640
544
438
69660
581
427
69680
627
426
69700
680
408
69720
717
406
69740
756
403
69760
801
390
69780
846
372
69800
881
362
69820
917
348
69840
950
331
69860
987
323
69880
1025
315
69900
1056
301
69920
1087
287
69940
1120
277
69960
1152
271
69980
1182
255
70000
1207
242
70020
1225
230
70040
1242
218
70060
1250
202
70080
1259
188
70100
1269
173
70120
1283
162
70140
1292
144
70160
1310
135
70180
1310
125
70200
1313
113
70220
1307
104
70240
1305
88
70260
1302
72
70280
