1808
1021
69640
1784
980
69660
1760
935
69680
1730
889
69700
1700
853
69720
1678
812
69740
1673
769
69760
1657
738
69780
1654
706
69800
1643
670
69820
1634
645
69840
1621
613
69860
1598
580
69880
1582
558
69900
1569
528
69920
1544
507
69940
1528
480
69960
1517
457
69980
1504
434
70000
1497
408
70020
1490
395
70040
1488
379
70060
1487
357
70080
1486
341
70100
1484
317
70120
1473
297
70140
1473
286
70160
1481
267
70180
1485
255
70200
1470
237
70220
1453
225
70240
1437
212
70260
1419
196
70280
1416
183
70300
1410
174
70320
1402
162
70340
1388
147
70360
1373
134
70380
1366
120
70400
1354
107
70420
1348
98
70440
1331
88
70460
1328
85
70480
1318
73
70500
