1197
90
70180
1201
99
70200
1200
116
70220
1200
130
70240
1203
142
70260
1210
157
70280
1210
169
70300
1216
172
70320
1222
184
70340
1218
202
70360
1212
217
70380
1203
236
70400
1183
241
70420
1164
255
70440
1135
266
70460
1116
277
70480
1086
294
70500
1054
303
70520
1022
314
70540
985
326
70560
955
339
70580
923
357
70600
889
372
70620
855
388
70640
820
413
70660
792
429
70680
760
439
70700
723
459
70720
690
476
70740
657
503
70760
624
516
70780
596
549
70800
578
575
70820
554
606
70840
534
629
70860
508
664
70880
487
696
70900
462
726
70920
444
780
70940
415
808
70960
389
850
70980
353
878
71000
321
931
71020
280
974
71040
246
1027
71060
