529
168
70360
539
176
70380
546
194
70400
555
214
70420
563
217
70440
573
234
70460
587
250
70480
601
264
70500
609
270
70520
633
291
70540
657
305
70560
676
319
70580
700
324
70600
731
344
70620
757
357
70640
784
371
70660
821
383
70680
852
396
70700
890
405
70720
928
430
70740
966
440
70760
996
460
70780
1025
477
70800
1055
481
70820
1072
502
70840
1094
533
70860
1101
551
70880
1119
579
70900
1128
605
70920
1133
632
70940
1144
665
70960
1144
684
70980
1149
719
71000
1161
755
71020
1169
778
71040
1190
829
71060
1211
858
71080
1233
890
71100
1248
932
71120
1277
968
71140
1305
1017
71160
1337
1052
71180
1728
755
71200
