536
1021
69800
573
988
69820
597
958
69840
623
926
69860
651
896
69880
680
867
69900
710
844
69920
737
820
69940
770
801
69960
803
782
69980
828
764
70000
853
747
70020
884
723
70040
911
707
70060
950
696
70080
978
682
70100
1007
662
70120
1038
646
70140
1068
633
70160
1090
607
70180
1103
595
70200
1112
572
70220
1133
553
70240
1143
537
70260
1149
519
70280
1135
498
70300
1139
481
70320
1134
463
70340
1126
443
70360
1130
430
70380
1132
413
70400
1134
392
70420
1141
380
70440
1140
369
70460
1147
355
70480
1154
342
70500
1157
328
70520
1158
312
70540
1163
303
70560
1159
288
70580
1164
273
70600
1171
271
70620
1188
256
70640
1198
248
70660
1198
239
70680
1209
224
70700
1214
216
70720
1223
204
70740
1236
193
70760
1250
191
70780
1249
179
70800
1246
162
70820
1250
155
70840
1247
148
70860
1240
141
70880
1243
127
70900
1243
124
70920
1241
112
70940
1244
102
70960
1235
91
70980
1241
94
71000
1251
78
71020
1246
74
71040
