1182
103
70500
1187
127
70520
1188
140
70540
1191
151
70560
1192
166
70580
1193
175
70600
1188
189
70620
1183
201
70640
1165
212
70660
1157
222
70680
1137
234
70700
1114
243
70720
1091
255
70740
1068
264
70760
1044
279
70780
1022
290
70800
998
304
70820
976
315
70840
954
330
70860
926
348
70880
908
365
70900
889
378
70920
876
394
70940
853
412
70960
824
430
70980
794
418
71000
764
436
71020
729
459
71040
702
468
71060
670
490
71080
633
508
71100
597
525
71120
570
544
71140
542
562
71160
516
584
71180
480
603
71200
450
629
71220
414
655
71240
392
672
71260
356
707
71280
330
727
71300
305
752
71320
284
779
71340
261
822
71360
253
839
71380
231
867
71400
208
896
71420
194
941
71440
174
969
71460
149
1024
71480
134
1048
71500
