801
1032
70440
774
1045
70460
740
1040
70480
717
999
70500
708
954
70520
694
917
70540
676
877
70560
665
846
70580
661
800
70600
664
764
70620
657
721
70640
656
686
70660
649
647
70680
647
620
70700
656
598
70720
674
557
70740
694
539
70760
699
516
70780
716
502
70800
696
473
70820
669
447
70840
647
435
70860
631
399
70880
628
397
70900
637
372
70920
639
328
70940
627
312
70960
622
296
70980
610
284
71000
590
273
71020
578
248
71040
560
239
71060
553
221
71080
542
213
71100
535
195
71120
539
181
71140
534
163
71160
528
155
71180
520
144
71200
520
137
71220
517
115
71240
515
110
71260
522
92
71280
524
83
71300
534
76
71320
532
67
71340
