1165
1035
70680
1123
1008
70700
1082
974
70720
1040
939
70740
997
911
70760
957
878
70780
925
845
70800
893
814
70820
862
784
70840
836
755
70860
809
725
70880
780
702
70900
753
675
70920
733
650
70940
712
624
70960
693
599
70980
682
572
71000
672
547
71020
663
524
71040
654
500
71060
646
479
71080
638
455
71100
628
437
71120
619
415
71140
617
397
71160
601
369
71200
609
351
71220
616
327
71240
611
310
71260
612
298
71280
591
279
71300
579
263
71320
575
254
71340
549
242
71360
540
221
71380
540
210
71400
533
200
71420
519
189
71440
511
174
71460
509
162
71480
501
147
71500
502
142
71520
495
127
71540
498
113
71560
492
112
71580
490
98
71600
499
86
71620
491
80
71640
496
72
71660
