129
562
70960
183
561
70980
231
563
71000
279
559
71020
328
557
71040
374
539
71060
416
530
71080
454
511
71100
490
504
71120
531
487
71140
581
481
71160
632
485
71180
681
480
71200
720
476
71220
771
471
71240
820
470
71260
879
455
71280
936
457
71300
974
462
71320
1030
468
71340
1072
480
71360
1103
490
71380
1153
515
71400
1202
529
71420
1252
541
71440
1306
557
71460
1352
564
71480
1399
578
71500
1453
587
71520
1499
600
71540
1547
607
71560
1601
608
71580
1650
607
71600
1700
605
71620
1751
608
71640
