573
107
70660
577
120
70680
577
129
70700
582
139
70720
576
144
70740
582
159
70760
579
173
70780
582
176
70800
573
191
70820
577
189
70840
574
198
70860
578
210
70880
580
209
70900
580
228
70920
597
233
70940
604
243
70960
597
243
70980
602
251
71360
612
263
71380
614
277
71400
605
292
71420
581
305
71440
545
309
71460
515
319
71480
486
319
71500
441
317
71520
423
312
71540
389
306
71560
365
303
71580
377
288
72540
394
282
72560
400
275
72580
395
270
72600
405
273
72620
408
261
72640
423
256
72660
417
257
72680
432
246
72760
450
243
72780
473
251
72800
490
252
72820
509
253
72840
537
264
72880
550
266
72900
551
264
72920
554
266
72940
551
269
72980
542
246
73100
561
223
73140
573
217
73160
594
211
73180
620
194
73200
635
187
73220
644
185
73240
642
188
73260
640
185
73280
640
191
73300
645
185
73320
636
191
73340
644
185
73360
614
165
73600
609
155
73620
604
138
73640
606
128
73660
613
121
73680
614
98
73720
624
90
73740
620
75
73760
621
76
73780
