1237
1041
70940
1195
1009
70960
1143
976
70980
1100
947
71000
1071
911
71020
1029
889
71040
994
858
71060
954
832
71080
911
809
71100
875
788
71120
833
757
71140
810
740
71160
777
707
71180
763
680
71200
748
663
71220
729
635
71240
720
615
71260
714
589
71280
709
554
71300
705
534
71320
713
513
71340
719
498
71360
708
477
71380
709
465
71400
693
437
71420
678
417
71440
671
392
71460
671
388
71480
668
370
71500
670
350
71520
674
339
71540
671
305
71560
672
294
71580
659
283
71600
652
268
71620
642
255
71640
632
237
71660
633
220
71680
629
213
71700
634
206
71720
625
178
71740
618
166
71760
628
160
71780
623
143
71800
626
136
71820
624
118
71840
621
115
71860
630
104
71880
628
80
71920
