1355
1006
71900
1318
976
71920
1277
935
71940
1238
892
71960
1201
853
71980
1159
822
72000
1117
787
72020
1077
758
72040
1036
731
72060
993
705
72080
956
681
72100
926
658
72120
904
643
72140
876
642
72160
832
644
72180
782
640
72200
743
623
72220
706
595
72240
690
573
72260
665
545
72280
653
518
72300
648
494
72320
636
468
72340
620
447
72360
605
432
72380
602
411
72400
595
382
72420
595
355
72440
602
349
72460
603
325
72480
611
308
72500
611
294
72520
615
280
72540
613
259
72560
611
240
72580
615
229
72600
608
210
72620
599
201
72640
585
194
72660
583
177
72680
586
161
72700
591
150
72720
600
134
72740
597
119
72760
594
106
72780
597
98
72800
596
87
72820
591
78
72840
593
61
72860
