578
167
71900
577
167
71920
595
180
71940
624
195
71960
647
204
71980
667
222
72000
686
229
72020
706
244
72040
731
251
72060
754
273
72080
780
277
72100
813
294
72120
850
308
72140
886
316
72160
913
330
72180
948
347
72200
993
367
72220
1025
374
72240
1068
399
72260
1101
415
72280
1137
433
72300
1175
452
72320
1217
475
72340
1259
497
72360
1310
508
72380
1359
531
72400
1410
540
72420
1463
561
72440
1510
571
72460
1576
581
72480
1626
604
72500
1686
617
72520
1734
645
72540
1784
669
72560
