308
1012
71420
317
970
71440
348
925
71460
363
889
71480
386
848
71500
413
817
71520
430
775
71540
455
753
71560
483
692
71600
496
666
71620
514
636
71640
540
615
71660
558
594
71680
585
579
71700
597
543
71720
615
521
71740
623
498
71760
635
482
71780
645
461
71800
653
433
71820
659
420
71840
678
397
71860
691
383
71880
680
370
71900
670
348
71920
660
336
71940
645
321
71960
641
311
71980
636
294
72000
619
275
72020
621
268
72040
617
246
72060
618
232
72080
610
218
72100
594
205
72120
572
197
72140
568
184
72160
560
174
72180
547
163
72200
539
150
72220
554
136
72240
555
126
72260
560
115
72280
557
108
72300
557
92
72320
558
85
72340
557
76
72360
558
67
72380
