1183
89
71660
1180
101
71680
1180
119
71700
1181
118
71720
1185
134
71740
1177
147
71760
1179
160
71780
1182
170
71800
1184
173
71820
1189
195
71840
1172
203
71860
1154
190
71880
1132
214
71900
1108
219
71920
1099
219
71940
1052
233
71960
1042
250
71980
1011
260
72000
990
270
72020
970
282
72040
947
284
72060
918
291
72080
891
307
72100
874
321
72120
849
336
72140
811
337
72160
780
346
72180
748
366
72200
725
372
72220
701
389
72240
678
409
72260
636
420
72280
594
437
72300
567
452
72320
525
465
72340
489
470
72360
444
477
72380
403
483
72400
372
485
72420
319
500
72440
283
507
72460
237
512
72480
186
516
72500
142
496
72520
98
493
72540
50
496
72560
13
490
72580
