1557
1021
71160
1533
979
71180
1497
958
71200
1465
930
71220
1419
901
71240
1379
874
71260
1329
845
71280
1276
821
71300
1238
801
71320
1192
775
71340
1135
755
71360
1110
737
71380
1059
711
71400
1018
702
71420
977
692
71440
962
672
71460
946
660
71480
895
650
71560
971
653
71760
1013
652
71780
1068
648
71800
1168
649
71840
1223
651
71860
1263
650
71880
1312
646
71900
1363
643
71920
1404
642
71940
1459
653
71960
1503
649
71980
1546
652
72000
1601
660
72020
1652
661
72040
1703
649
72060
1744
663
72080
