1058
1008
72240
1023
970
72260
985
942
72280
947
903
72300
915
873
72320
893
846
72340
873
809
72360
843
781
72380
819
752
72400
785
724
72420
757
698
72440
749
676
72460
721
645
72480
716
621
72500
702
603
72520
679
571
72540
670
551
72560
647
533
72580
625
512
72600
614
483
72620
614
465
72640
607
443
72660
613
427
72680
601
400
72700
607
389
72720
614
374
72740
609
359
72760
619
340
72780
618
323
72800
621
306
72820
622
293
72840
623
269
72860
620
253
72880
614
238
72900
605
233
72920
604
221
72940
602
209
72960
607
195
72980
615
186
73000
614
166
73020
612
153
73040
615
147
73060
618
132
73080
611
117
73100
613
112
73120
614
104
73140
618
91
73160
619
77
73180
