589
153
72080
603
175
72100
625
183
72120
646
199
72140
676
205
72160
702
212
72180
727
230
72200
759
245
72220
790
252
72240
829
269
72260
861
278
72280
895
291
72300
935
308
72320
973
318
72340
1015
332
72360
1056
349
72380
1088
361
72400
1136
376
72420
1172
402
72440
1216
420
72460
1260
431
72480
1303
446
72500
1350
465
72520
1403
478
72540
1444
497
72560
1492
509
72580
1562
518
72600
1611
539
72620
1672
541
72640
1727
548
72660
1780
557
72680
