568
97
72120
574
116
72140
579
125
72160
580
137
72180
582
148
72200
584
156
72220
589
167
72240
593
185
72260
611
194
72280
614
199
72300
631
211
72320
649
224
72340
668
234
72360
682
248
72380
701
263
72400
718
275
72420
737
292
72440
759
303
72460
787
324
72480
803
336
72500
826
351
72520
846
371
72540
867
384
72560
902
398
72580
928
415
72600
965
430
72620
996
445
72640
1042
461
72660
1075
474
72680
1108
492
72700
1129
511
72720
1143
542
72740
1164
566
72760
1183
589
72780
1193
618
72800
1198
647
72820
1216
677
72840
1234
710
72860
1249
747
72880
1264
776
72900
1265
811
72920
1286
846
72940
1299
887
72960
1329
924
72980
1353
972
73000
1379
1010
73020
1406
1061
73040
