1576
307
72140
1534
308
72160
1496
299
72180
1447
292
72200
1415
282
72220
1376
277
72240
1333
272
72260
1293
268
72280
1264
251
72300
1237
239
72320
1201
226
72340
1179
215
72360
1147
203
72380
1127
191
72400
1115
171
72420
1112
161
72440
1115
150
72460
1106
137
72480
1107
129
72500
1101
114
72520
1107
107
72540
1112
94
72560
1107
80
72580
1098
69
72600
1083
67
72620
1060
63
72640
1037
60
72660
1013
54
72680
1002
44
72700
