655
1014
73020
713
965
73040
759
911
73060
808
865
73080
853
823
73100
903
777
73120
942
733
73140
990
703
73160
1026
670
73180
1065
636
73200
1095
594
73220
1124
569
73240
1144
542
73260
1168
504
73280
1192
472
73300
1212
448
73320
1241
429
73340
1262
398
73360
1277
375
73380
1284
351
73400
1293
327
73420
1299
305
73440
1318
280
73460
1326
268
73480
1326
248
73500
1330
222
73520
1337
210
73540
1329
186
73560
1327
169
73580
1330
151
73600
1322
136
73620
1327
122
73640
1319
98
73660
1313
85
73680
1314
75
73700
