1310
74
72980
1314
84
73000
1321
100
73020
1333
111
73040
1343
127
73060
1355
141
73080
1364
158
73100
1378
171
73120
1388
189
73140
1399
203
73160
1408
219
73180
1416
237
73200
1423
254
73220
1429
273
73240
1439
293
73260
1448
311
73280
1459
331
73300
1468
354
73320
1480
374
73340
1490
398
73360
1500
421
73380
1511
442
73400
1525
469
73420
1535
493
73440
1548
520
73460
1570
543
73480
1583
567
73500
1598
594
73520
1615
636
73540
1631
667
73560
1638
702
73580
1648
745
73600
1669
785
73620
1692
826
73640
1721
865
73660
1746
909
73680
1773
958
73700
1801
1013
73720
