1217
80
72980
1206
91
73000
1224
99
73020
1231
112
73040
1238
121
73060
1245
131
73080
1253
147
73100
1264
157
73120
1275
170
73140
1290
177
73160
1305
194
73180
1312
207
73200
1325
215
73220
1330
232
73240
1336
242
73260
1347
256
73280
1358
275
73300
1365
286
73320
1378
300
73340
1395
319
73360
1416
336
73380
1428
355
73400
1443
371
73420
1466
397
73440
1482
410
73460
1509
431
73480
1529
445
73500
1551
475
73520
1578
490
73540
1601
500
73560
1631
523
73580
1654
534
73600
1688
544
73620
1717
554
73640
1739
563
73660
