587
179
73040
585
192
73060
588
210
73080
584
222
73100
576
225
73120
569
244
73140
567
260
73160
564
279
73180
559
291
73200
554
307
73220
547
321
73240
545
332
73260
543
351
73280
539
368
73300
532
385
73320
534
396
73340
526
420
73360
516
436
73380
498
457
73400
489
481
73420
467
497
73440
453
526
73460
443
544
73480
430
566
73500
415
589
73520
410
616
73540
404
644
73560
405
671
73580
385
699
73600
376
727
73620
358
757
73640
350
781
73660
346
822
73680
332
849
73700
326
886
73720
320
926
73740
308
963
73760
284
1003
73780
268
1047
73800
