1254
104
73640
1271
101
73660
1282
116
73680
1292
126
73700
1300
139
73720
1302
150
73740
1307
162
73760
1309
172
73780
1316
183
73800
1325
198
73820
1331
218
73840
1341
226
73860
1351
246
73880
1367
256
73900
1375
273
73920
1393
293
73940
1403
304
73960
1413
325
73980
1426
344
74000
1438
358
74020
1456
383
74040
1473
399
74060
1496
416
74080
1514
443
74100
1537
462
74120
1551
483
74140
1575
502
74160
1604
524
74180
1628
543
74200
1664
558
74220
1711
563
74240
1756
568
74260
