614
191
74640
643
203
74660
659
218
74680
683
231
74700
716
241
74720
750
251
74740
776
259
74760
801
275
74780
833
289
74800
862
303
74820
897
315
74840
938
330
74860
982
342
74880
1022
354
74900
1059
373
74920
1094
386
74940
1138
402
74960
1179
418
74980
1225
431
75000
1273
443
75020
1311
462
75040
1360
473
75060
1412
489
75080
1460
499
75100
1509
508
75120
1561
518
75140
1603
523
75160
1645
531
75180
1690
537
75200
1733
552
75220
1771
556
75240
