1568
348
73740
1552
350
73760
1543
356
73780
1529
346
73800
1522
337
73820
1510
327
73840
1500
320
73860
1487
306
73880
1471
296
73900
1459
287
73920
1447
277
73940
1433
275
73960
1423
265
73980
1407
265
74000
1395
251
74020
1381
240
74040
1366
234
74060
1357
222
74080
1344
213
74100
1333
204
74120
1326
192
74140
1318
180
74160
1309
170
74180
1303
160
74200
1296
148
74220
1298
114
74240
1294
99
74260
1302
93
74280
1299
86
74300
1295
76
74320
1295
69
74340
