163
567
74060
213
579
74080
268
562
74100
312
563
74120
349
561
74140
396
559
74160
434
566
74180
484
556
74200
526
548
74220
571
547
74240
612
534
74260
653
525
74280
701
509
74300
743
503
74320
784
498
74340
838
491
74360
961
500
74420
1009
500
74440
1053
506
74460
1104
518
74480
1153
523
74500
1194
522
74520
1248
539
74540
1290
538
74560
1331
542
74580
1380
549
74600
1409
554
74620
1435
551
74640
1477
559
74660
1525
557
74680
1563
566
74700
1609
570
74720
1653
580
74740
1694
597
74760
1736
614
74780
1780
623
74800
