637
1046
74740
673
1008
74760
717
969
74780
760
931
74800
794
891
74820
830
854
74840
868
819
74860
905
785
74880
938
753
74900
973
726
74920
1008
700
74940
1042
673
74960
1072
648
74980
1092
621
75000
1107
591
75020
1122
560
75040
1135
534
75060
1140
512
75080
1139
489
75100
1140
482
75120
1133
469
75140
1139
452
75160
1146
425
75180
1150
403
75200
1160
385
75220
1178
330
75240
1197
312
75260
1201
297
75280
1218
282
75300
1224
270
75320
1229
252
75340
1234
241
75360
1231
218
75380
1232
200
75400
1226
190
75420
1227
178
75440
1232
168
75460
1233
156
75480
1239
147
75500
1240
134
75520
1250
119
75540
1252
113
75560
1263
96
75580
1270
83
75600
1273
75
75620
