486
145
75720
467
155
75740
468
169
75760
468
173
75780
464
152
75800
466
214
75820
459
230
75840
452
249
75860
443
268
75880
432
287
75900
421
302
75920
406
314
75940
390
332
75960
380
357
75980
378
377
76000
372
398
76020
362
418
76040
351
440
76060
335
459
76080
324
489
76100
311
518
76120
304
544
76140
299
560
76160
292
593
76180
293
629
76200
279
661
76220
265
697
76240
248
728
76260
230
759
76280
210
804
76300
195
846
76320
175
884
76340
126
970
76380
106
1016
76400
