753
1017
75160
761
1000
75180
792
956
75200
841
948
75220
894
824
75240
936
783
75260
974
748
75280
1014
718
75300
1052
684
75320
1075
655
75340
1091
622
75360
1091
588
75380
1099
553
75400
1108
521
75420
1114
490
75440
1121
466
75460
1130
438
75480
1136
412
75500
1141
389
75520
1152
363
75540
1166
338
75560
1180
324
75580
1194
304
75600
1199
286
75620
1197
266
75640
1200
242
75660
1200
230
75680
1199
212
75700
1194
196
75720
1182
178
75740
1178
158
75760
1176
147
75780
1175
129
75800
1174
118
75820
1173
102
75840
1168
93
75860
1160
74
75880
