578
1011
75880
615
1006
75900
660
984
75920
693
938
75940
733
898
75960
770
864
75980
795
859
76000
841
762
76020
861
752
76040
898
727
76060
936
709
76080
989
691
76100
1027
670
76120
1059
649
76140
1081
629
76160
1099
598
76180
1118
573
76200
1134
549
76220
1156
529
76240
1172
508
76260
1181
491
76280
1188
465
76300
1197
444
76320
1197
422
76340
1205
399
76360
1207
384
76380
1209
361
76400
1208
346
76420
1208
322
76440
1210
301
76460
1212
288
76480
1213
269
76500
1213
252
76520
1210
239
76540
1210
221
76560
1213
208
76580
1216
194
76600
1218
183
76620
1220
169
76640
1223
153
76660
1220
142
76680
1217
129
76700
1217
124
76720
1217
115
76740
1224
99
76760
1223
91
76780
1223
82
76800
1219
75
76820
