1547
1038
75780
1522
1033
75800
1507
982
75820
1484
940
75840
1463
891
75860
1441
851
75880
1422
807
75900
1400
775
75920
1379
737
75940
1358
702
75960
1334
669
75980
1319
639
76000
1303
610
76020
1285
578
76040
1268
550
76060
1255
521
76080
1242
497
76100
1225
471
76120
1698
508
76140
1194
394
76160
1171
346
76200
1157
330
76220
1149
307
76240
1139
293
76260
1135
278
76280
1130
259
76300
1126
244
76320
1122
228
76340
1112
213
76360
1104
193
76380
1102
174
76400
1102
159
76420
1098
147
76440
1098
127
76460
1098
111
76480
1095
87
76500
1093
76
76520
1079
66
76540
1056
63
76560
1032
56
76580
1019
49
76600
