1526
1040
75580
1518
1047
75600
1494
1003
75620
1466
958
75640
1429
872
75660
1414
852
75680
1391
820
75700
1366
785
75720
1362
746
75740
1353
713
75760
1336
675
75780
1326
641
75800
1318
608
75820
1304
581
75840
1290
550
75860
1275
524
75880
1262
499
75900
1244
476
75920
1224
448
75940
1212
427
75960
1195
405
75980
1184
385
76000
1174
361
76020
1163
340
76040
1157
317
76060
1150
298
76080
1145
282
76100
1141
265
76120
1139
248
76140
1136
231
76160
1128
212
76180
1123
200
76220
1112
164
76240
1115
145
76260
1112
137
76280
1110
123
76300
1110
109
76320
1110
95
76340
1110
80
76360
1109
70
76380
1098
66
76400
1068
58
76420
1039
51
76440
1021
43
76460
