1337
95
76060
1342
95
76080
1348
103
76100
1347
109
76120
1348
115
76140
1346
121
76160
1348
131
76180
1351
139
76200
1352
147
76220
1356
153
76240
1355
164
76260
1358
175
76280
1360
185
76300
1358
193
76320
1359
203
76340
1355
213
76360
1355
222
76380
1355
230
76400
1357
237
76420
1364
246
76440
1368
255
76460
1376
266
76480
1376
274
76500
1377
283
76520
1376
291
76540
1377
289
76560
1387
320
76660
1399
327
76680
1403
351
76840
1402
376
76900
1396
384
76920
1397
392
76940
1396
401
76960
1393
407
76980
1393
410
77000
1386
420
77020
1383
431
77040
1374
440
77060
1382
456
77080
1382
466
77100
1384
473
77120
1391
482
77140
1392
493
77160
1393
509
77180
1393
516
77200
1394
527
77220
1395
542
77240
1385
558
77260
1388
567
77280
1390
577
77300
1397
595
77320
1397
604
77340
1405
619
77360
1400
632
77380
1398
646
77400
1393
657
77420
1389
668
77440
1376
679
77460
1380
689
77480
1388
704
77500
1398
718
77520
1407
734
77540
1421
756
77580
1428
778
77600
1428
797
77620
1431
814
77640
1440
829
77660
1438
835
77680
1435
830
77700
1434
833
77720
1451
821
77880
1468
788
78040
1449
781
78080
1443
768
78100
1438
757
78120
1434
742
78140
1422
725
78160
1416
704
78180
1400
690
78200
1398
669
78220
1377
638
78260
1375
616
78280
1368
602
78300
1368
593
78320
1365
579
78340
1358
563
78360
1349
548
78380
1349
538
78400
1340
519
78420
1346
510
78440
1346
500
78460
1349
486
78480
1354
473
78500
1357
465
78520
1354
451
78540
1354
439
78560
1342
427
78580
1344
417
78600
1339
409
78620
1338
398
78640
1331
390
78660
1328
376
78680
1324
372
78700
1320
369
78720
1316
352
78860
1326
337
78900
1333
331
78920
1332
324
78940
1332
312
78960
1327
303
78980
1326
296
79000
1343
300
79020
1343
295
79040
1343
293
79060
1344
297
79080
1343
298
79100
1343
294
79120
1338
281
79140
1336
277
79160
1347
263
79180
1370
264
79200
1389
267
79220
1412
266
79240
1438
265
79260
1443
256
79280
1446
255
79300
1441
243
79320
1437
233
79340
1435
233
79360
1434
233
79380
1412
195
79620
1401
190
79640
1399
183
79660
1400
170
79680
1400
165
79700
1398
162
79720
1384
150
79740
1387
143
79760
1384
143
79780
1378
131
79800
1380
124
79820
1375
122
79840
1375
118
79860
1369
106
79880
1365
96
79900
1364
88
79920
1357
82
79940
1356
81
79960
