1162
86
76620
1169
98
76640
1168
111
76660
1173
121
76680
1180
130
76700
1181
143
76720
1179
152
76740
1187
160
76760
1191
173
76780
1195
182
76800
1198
187
76820
1197
197
76840
1189
212
76860
1199
214
76880
1201
221
76900
1206
235
76920
1203
246
76940
1205
248
76960
1202
264
76980
1199
278
77000
1194
288
77020
1190
308
77040
1185
320
77060
1164
334
77080
1138
347
77100
1109
354
77120
1061
356
77140
1025
355
77160
981
357
77180
941
364
77200
905
366
77220
883
356
77240
861
352
77260
841
339
77280
826
329
77300
812
323
77320
794
315
77340
782
308
77360
764
302
77380
758
296
77400
750
291
77420
733
303
77440
725
310
77460
725
327
77480
732
338
77500
735
354
77520
738
376
77540
734
401
77560
732
424
77580
736
446
77600
735
466
77620
745
493
77640
735
512
77660
742
536
77680
740
558
77700
745
580
77720
743
605
77740
740
640
77760
743
668
77780
743
701
77800
726
747
77820
711
787
77840
701
821
77860
701
869
77880
687
907
77900
683
938
77920
665
978
77940
656
1004
77960
636
1040
77980
