516
162
76920
521
176
76940
519
184
76960
522
197
76980
522
204
77000
523
212
77020
525
221
77040
524
223
77060
524
228
77080
529
231
77100
529
235
77120
527
232
77140
528
234
77160
534
240
77780
540
244
77800
559
250
77820
576
258
77840
595
269
77860
627
281
77880
658
294
77900
682
300
77920
715
312
77940
745
322
77960
782
334
77980
823
342
78000
861
348
78020
907
359
78040
950
366
78060
994
376
78080
1035
383
78100
1072
394
78120
1111
407
78140
1151
418
78160
1189
429
78180
1222
439
78200
1263
449
78220
1302
455
78240
1345
467
78260
1391
483
78280
1434
491
78300
1485
504
78320
1529
517
78340
1576
536
78360
1624
544
78380
1668
557
78400
1710
563
78420
1745
565
78440
1775
566
78460
1790
577
78480
