430
1039
77460
446
1014
77480
465
964
77500
490
914
77520
512
869
77540
534
826
77560
553
785
77580
571
745
77600
589
708
77620
612
673
77640
637
641
77660
662
610
77680
688
576
77700
722
546
77720
759
519
77740
807
478
77760
837
452
77780
863
434
77800
894
408
77820
908
383
77840
932
361
77860
959
342
77880
993
331
77900
1023
313
77920
1049
297
77940
1074
277
77960
1097
261
77980
1121
244
78000
1143
233
78020
1160
218
78040
1176
204
78060
1181
186
78080
1193
171
78100
1209
156
78120
1211
145
78140
1216
132
78160
1218
118
78180
1214
101
78200
1211
93
78220
1207
76
78240
1207
75
78260
1213
67
78280
