630
180
77660
642
197
77680
653
209
77700
668
224
77720
680
232
77740
683
247
77760
687
264
77780
691
274
77800
695
286
77820
698
302
77840
695
312
77860
688
322
77880
688
338
77900
687
346
77920
682
363
77940
683
376
77960
684
389
77980
685
404
78000
677
415
78020
676
432
78040
666
441
78060
659
460
78080
654
470
78100
647
486
78120
645
504
78140
636
520
78160
627
528
78180
619
548
78200
616
566
78220
607
580
78240
600
600
78260
595
615
78280
580
634
78300
573
647
78320
561
662
78340
550
676
78360
534
694
78380
525
710
78400
517
722
78420
501
737
78440
490
752
78460
481
771
78480
472
789
78500
463
804
78520
452
833
78540
444
852
78560
432
872
78580
424
896
78600
407
914
78620
391
935
78640
377
960
78660
362
988
78680
343
1014
78700
328
1041
78720
319
1070
78740
