1267
67
77940
1285
83
77960
1290
92
77980
1294
105
78000
1299
119
78020
1302
128
78040
1312
139
78060
1320
154
78080
1328
169
78100
1335
181
78120
1339
201
78140
1349
216
78160
1356
233
78180
1369
248
78200
1378
265
78220
1387
279
78240
1400
298
78260
1415
314
78280
1429
340
78300
1443
358
78320
1459
378
78340
1472
398
78360
1483
420
78380
1504
448
78400
1523
474
78420
1553
495
78440
1579
515
78460
1610
535
78480
1639
551
78500
1671
560
78520
1707
570
78540
1731
569
78560
1754
569
78580
1774
568
78600
