546
1041
77960
582
993
77980
611
953
78000
635
920
78020
653
880
78040
662
842
78060
671
804
78080
677
768
78100
687
738
78120
697
702
78140
705
671
78160
713
648
78180
717
622
78200
717
600
78220
728
586
78240
756
580
78260
775
577
78280
766
582
78480
748
567
78500
718
559
78520
687
546
78540
658
529
78560
622
513
78580
591
504
78600
564
484
78620
539
464
78640
518
448
78660
510
426
78680
484
411
78700
453
404
78720
432
399
78740
415
394
78760
395
386
78780
370
390
78800
353
388
78820
353
377
78840
369
363
78860
366
345
78880
358
336
78900
365
327
79800
380
329
79820
402
333
79840
424
339
79860
444
357
79880
444
370
79900
442
390
79920
434
402
79940
434
419
79960
421
428
79980
407
435
80000
391
453
80020
376
473
80040
360
493
80060
336
520
80080
317
540
80100
292
566
80120
280
590
80140
267
620
80160
255
650
80180
241
684
80200
228
719
80220
210
752
80240
197
783
80260
183
825
80280
166
863
80300
151
896
80320
138
939
80340
116
979
80360
90
1016
80380
