607
172
77820
617
183
77840
633
203
77860
648
214
77880
663
221
77900
696
230
77920
720
236
77940
747
245
77960
771
258
77980
799
263
78000
821
282
78020
843
292
78040
873
308
78060
899
314
78080
921
326
78100
955
339
78120
987
356
78140
1014
367
78160
1037
385
78180
1065
401
78200
1096
413
78220
1132
432
78240
1170
438
78260
1205
454
78280
1241
469
78300
1284
481
78320
1313
492
78340
1365
510
78360
1407
522
78380
1452
530
78400
1501
536
78420
1547
546
78440
1591
548
78460
1639
553
78480
1679
559
78500
1724
560
78520
1758
562
78540
1785
565
78560
