1347
88
78760
1337
119
78780
1328
129
78800
1320
138
78820
1312
148
78840
1302
161
78860
1299
173
78880
1296
186
78900
1293
197
78920
1291
213
78940
1288
221
78960
1286
233
78980
1289
244
79000
1295
261
79020
1295
284
79040
1296
295
79060
1294
300
79080
1280
312
79100
1266
324
79120
1254
337
79140
1242
350
79160
1231
363
79180
1223
374
79200
1220
387
79220
1223
399
79240
1236
374
79260
1221
391
79280
1202
409
79300
1177
429
79320
1136
444
79340
1090
458
79360
1041
466
79380
992
474
79400
941
488
79420
847
507
79460
806
521
79480
791
532
79500
783
531
80400
778
533
80420
768
537
80440
766
543
80460
752
550
80480
751
558
80500
752
564
80520
744
568
80540
744
573
80560
734
589
80780
723
590
80800
720
601
80820
715
610
80840
712
620
80860
717
637
80880
751
639
80900
776
661
80920
782
682
80940
787
705
80960
806
735
80980
817
760
81000
837
799
81020
856
843
81040
877
882
81060
908
917
81080
930
950
81100
936
1000
81120
938
1038
81140
