684
157
78360
683
169
78380
688
195
78400
687
208
78420
674
221
78440
668
244
78460
666
260
78480
663
286
78500
651
306
78520
635
322
78540
620
351
78560
594
365
78580
579
391
78600
578
415
78620
577
435
78640
568
462
78660
555
488
78680
545
516
78700
514
540
78720
493
579
78740
466
610
78760
443
638
78780
415
676
78800
390
712
78820
366
749
78840
341
789
78860
313
833
78880
287
876
78900
256
922
78920
220
966
78940
195
1021
78960
