315
1011
79100
320
963
79120
335
932
79140
343
886
79160
354
849
79180
368
806
79200
383
773
79220
386
737
79240
404
704
79260
417
666
79280
427
637
79300
437
607
79320
446
581
79340
454
551
79360
463
528
79380
473
497
79400
477
471
79420
492
455
79440
502
430
79460
514
405
79480
525
384
79500
525
366
79520
532
346
79540
544
329
79560
557
312
79580
571
291
79600
579
280
79620
588
258
79640
597
243
79660
607
226
79680
615
215
79700
616
197
79720
624
184
79740
626
175
79760
632
157
79780
634
145
79800
635
133
79820
637
119
79840
641
112
79860
641
99
79880
641
85
79900
645
78
79920
649
68
79940
