1660
1010
78800
1661
1006
78820
1649
965
78840
1630
919
78860
1608
878
78880
1589
839
78900
1574
801
78920
1562
770
78940
1543
724
78960
1526
692
78980
1514
660
79000
1502
626
79020
1490
608
79040
1477
568
79060
1469
538
79080
1469
515
79100
1466
493
79120
1451
464
79140
1430
439
79160
1409
417
79180
1388
394
79200
1370
374
79220
1362
356
79240
1361
336
79260
1366
316
79280
1365
280
79300
1378
257
79320
1377
242
79340
1379
231
79360
1381
214
79380
1384
200
79400
1381
188
79420
1383
174
79440
1379
159
79460
1372
149
79480
1359
129
79500
1343
120
79520
1336
107
79540
1324
95
79560
1321
85
79580
1323
77
79600
