1213
90
78700
1216
100
78720
1218
114
78740
1218
122
78760
1214
131
78780
1211
143
78800
1204
154
78820
1197
169
78840
1188
175
78860
1175
189
78880
1161
206
78900
1143
214
78920
1125
223
78940
1103
239
78960
1076
250
78980
1054
259
79000
1034
272
79020
1005
287
79040
972
303
79060
939
314
79080
899
330
79100
859
340
79120
825
345
79140
797
357
79160
748
373
79180
714
385
79200
671
399
79220
628
410
79240
592
420
79260
541
435
79280
503
447
79300
455
460
79320
415
472
79340
370
486
79360
324
495
79380
276
506
79400
223
515
79420
166
515
79440
117
522
79460
62
529
79480
10
524
79500
