1162
89
78200
1161
98
78220
1164
106
78240
1169
117
78260
1170
125
78280
1174
138
78300
1177
151
78320
1176
159
78340
1175
169
78360
1180
182
78380
1179
196
78400
1174
206
78420
1168
218
78440
1160
230
78460
1149
238
78480
1147
247
78500
1140
261
78520
1134
278
78540
1128
285
78560
1125
301
78580
1118
314
78600
1113
325
78620
1115
339
78640
1109
354
78660
1103
375
78680
1103
390
78700
1102
401
78720
1108
421
78740
1103
426
78760
1112
430
78900
1113
441
78920
1122
451
78940
1129
467
78960
1137
487
78980
1150
501
79000
1167
515
79020
1184
530
79040
1195
556
79060
1196
574
79080
1199
600
79100
1197
619
79120
1168
629
79140
1135
643
79160
1100
652
79180
1068
655
79200
1024
654
79220
984
664
79240
949
663
79260
911
673
79280
869
672
79300
831
672
79320
794
658
79340
770
645
79360
741
629
79380
726
608
79400
724
588
79420
721
569
79440
734
554
79460
740
539
79480
746
527
79500
766
519
79520
785
515
79540
784
521
79560
802
530
79580
781
535
80400
779
534
80420
770
537
80440
763
541
80460
756
548
80480
758
558
80500
751
563
80520
743
575
80540
747
574
80560
743
575
80580
732
584
80780
723
591
80800
716
597
80820
712
611
80840
707
626
80860
719
632
80880
748
642
80900
777
660
80920
786
682
80940
789
705
80960
802
732
80980
814
767
81000
828
800
81020
853
844
81040
879
873
81060
909
919
81080
929
954
81100
939
994
81120
940
1039
81140
