508
159
78980
505
179
79000
514
195
79020
526
214
79040
542
224
79060
563
239
79080
591
258
79100
623
267
79120
663
281
79140
699
296
79160
739
299
79180
781
312
79200
830
325
79220
873
331
79240
915
344
79260
971
360
79280
1014
370
79300
1056
384
79320
1101
405
79340
1152
416
79360
1202
433
79380
1249
449
79400
1304
466
79420
1362
480
79440
1407
499
79460
1467
520
79480
1516
540
79500
1574
557
79520
1637
575
79540
1686
584
79560
1739
600
79580
1786
607
79600
