639
181
79400
661
193
79420
690
211
79440
719
212
79460
746
220
79480
782
229
79500
816
247
79520
851
266
79540
873
275
79560
913
289
79580
944
301
79600
986
306
79620
1024
316
79640
1064
331
79660
1100
347
79680
1133
360
79700
1170
374
79720
1206
394
79740
1246
413
79760
1284
432
79780
1324
445
79800
1369
470
79820
1407
482
79840
1456
502
79860
1501
524
79880
1553
538
79900
1610
558
79920
1656
574
79940
1708
589
79960
1758
602
79980
