1152
82
79220
1150
96
79240
1151
101
79260
1155
111
79280
1164
123
79300
1167
139
79320
1174
145
79340
1176
153
79360
1178
168
79380
1178
175
79400
1178
189
79420
1176
201
79440
1171
213
79460
1167
223
79480
1167
243
79500
1175
256
79520
1173
266
79540
1163
286
79560
1158
302
79580
1154
310
79600
1151
330
79620
1144
348
79640
1135
368
79660
1121
380
79680
1102
394
79700
1075
412
79720
1048
425
79740
1021
445
79760
986
454
79780
947
464
79800
906
477
79820
867
482
79840
831
501
79860
799
513
79880
771
535
79900
767
549
79920
773
554
79940
767
561
79960
754
581
79980
737
598
80000
720
618
80020
707
644
80040
691
666
80060
661
693
80080
633
714
80100
591
741
80120
554
760
80140
530
783
80160
504
826
80180
484
857
80200
464
906
80220
434
948
80240
403
990
80260
366
1032
80280
