602
181
79740
600
189
79760
624
206
79780
648
215
79800
670
221
79820
691
233
79840
713
247
79860
726
260
79880
739
273
79900
755
289
79920
773
301
79940
790
316
79960
817
328
79980
838
344
80000
862
351
80020
892
365
80040
922
383
80060
947
401
80080
965
410
80100
985
428
80120
1016
449
80140
1047
467
80160
1075
482
80180
1094
500
80200
1113
523
80220
1129
540
80240
1150
568
80260
1169
582
80280
1195
610
80300
1206
633
80320
1225
662
80340
1240
696
80360
1265
719
80380
1279
755
80400
1296
787
80420
1318
816
80440
1339
846
80460
1357
886
80480
1363
927
80500
1379
971
80520
1396
995
80540
1420
1049
80560
