1853
888
80160
1821
862
80180
1775
836
80200
1746
802
80220
1709
776
80240
1675
754
80260
1650
727
80280
1631
698
80300
1612
672
80320
1605
645
80340
1582
620
80360
1559
597
80380
1529
574
80400
1516
548
80420
1507
526
80440
1500
501
80460
1482
479
80480
1468
462
80500
1448
441
80520
1416
425
80540
1407
406
80560
1399
388
80580
1399
370
80600
1388
347
80620
1379
328
80640
1368
319
80660
1360
301
80680
1354
286
80700
1344
272
80720
1338
256
80740
1331
237
80760
1326
232
80780
1321
218
80800
1317
205
80820
1307
194
80840
1303
184
80860
1294
163
80880
1287
159
80900
1283
145
80920
1283
138
80940
1283
132
80960
1280
117
80980
1270
109
81000
1275
92
81020
1268
90
81040
1255
81
81060
1255
77
81080
1248
65
81100
