481
92
80140
489
127
80160
490
135
80180
492
144
80200
493
151
80220
493
161
80240
492
168
80260
490
175
80280
490
187
80300
488
198
80320
486
203
80340
484
212
80360
484
223
80380
484
232
80400
479
240
80420
474
252
80440
463
261
80460
451
270
80480
441
279
80500
434
291
80520
431
298
80540
432
315
80560
433
325
80580
432
336
80600
435
350
80620
433
323
80640
438
340
80660
439
353
80680
436
365
80700
433
372
80720
436
386
80740
433
398
80760
441
413
80780
441
423
80800
428
438
80820
414
454
80840
396
459
80860
384
478
80880
383
503
80900
374
520
80920
383
538
80940
385
560
80960
374
572
80980
369
591
81000
353
615
81020
342
640
81040
326
652
81060
320
675
81080
301
702
81100
296
721
81120
293
750
81140
284
770
81160
268
795
81180
256
824
81200
239
853
81220
235
879
81240
219
911
81260
208
941
81280
203
966
81300
198
1007
81320
188
1040
81340
169
1068
81360
