578
151
80300
578
166
80320
582
175
80340
579
184
80360
597
190
80380
618
197
80400
638
207
80420
662
214
80440
684
224
80460
704
229
80480
726
243
80500
749
252
80520
769
261
80540
797
270
80560
823
277
80580
852
289
80600
875
294
80620
899
306
80640
923
318
80660
945
334
80680
975
346
80700
990
357
80720
1009
372
80740
1023
383
80760
1056
397
80780
1085
408
80800
1111
419
80820
1146
435
80840
1167
448
80860
1198
463
80880
1218
484
80900
1250
497
80920
1285
510
80940
1326
535
80960
1355
543
80980
1403
560
81000
1441
560
81020
1479
565
81040
1524
569
81060
1560
574
81080
1602
578
81100
1640
578
81120
1684
575
81140
1720
572
81160
1762
573
81180
