595
142
79920
583
157
79940
591
166
79960
603
178
79980
620
185
80000
637
196
80020
663
208
80040
685
212
80060
719
230
80080
749
237
80100
770
244
80120
797
254
80140
823
266
80160
856
276
80180
878
291
80200
904
294
80220
943
315
80240
970
332
80260
990
339
80280
1019
358
80300
1053
369
80320
1084
391
80340
1119
401
80360
1155
423
80380
1193
443
80400
1224
451
80420
1269
466
80440
1298
479
80460
1342
495
80480
1376
513
80500
1415
525
80520
1456
542
80540
1491
551
80560
1537
567
80580
1589
584
80600
1633
594
80620
1685
604
80640
1736
612
80660
1774
623
80680
