1763
1045
80280
1746
995
80300
1727
953
80320
1705
905
80340
1692
861
80360
1672
831
80380
1656
785
80400
1649
754
80420
1633
723
80440
1617
690
80460
1602
658
80480
1581
630
80500
1568
596
80520
1556
573
80540
1541
549
80560
1529
515
80580
1505
495
80600
1482
470
80620
1465
446
80640
1454
425
80660
1437
398
80680
1425
382
80700
1414
360
80720
1398
337
80740
1379
323
80760
1365
302
80780
1360
288
80800
1352
270
80820
1346
251
80840
1341
239
80860
1343
223
80880
1338
211
80900
1338
199
80920
1329
180
80940
1323
167
80960
1310
158
80980
1306
142
81000
1298
127
81020
1297
121
81040
1299
108
81060
1299
86
81080
1298
82
81100
1298
70
81120
