477
122
80140
481
138
80160
480
141
80180
465
154
80200
449
166
80220
437
167
80240
445
169
80620
443
179
80640
444
187
80660
451
193
80680
456
207
80700
462
217
80720
470
229
80740
479
245
80760
484
259
80780
492
274
80800
496
285
80820
505
303
80840
511
313
80860
525
329
80880
521
342
80900
533
368
80920
536
381
80940
535
399
80960
533
412
80980
546
429
81000
561
451
81020
578
469
81040
594
497
81060
607
522
81080
627
542
81100
640
566
81120
659
593
81140
685
621
81160
704
645
81180
726
670
81200
761
700
81220
787
725
81240
828
755
81260
859
781
81280
903
812
81300
941
838
81320
972
867
81340
1009
897
81360
1053
930
81380
1085
972
81400
1119
1010
81420
1154
1050
81440
