617
111
80140
619
127
80160
615
134
80180
617
146
80200
623
159
80220
627
169
80240
631
182
80260
657
197
80280
678
206
80300
703
218
80320
721
230
80340
756
240
80360
777
244
80380
801
263
80400
827
274
80420
857
290
80440
886
293
80460
922
309
80480
951
312
80500
969
329
80520
975
348
80540
1002
364
80560
1024
383
80580
1049
403
80600
1065
431
80620
1085
451
80640
1106
475
80660
1126
497
80680
1137
529
80700
1155
543
80720
1185
576
80740
1199
598
80760
1223
626
80780
1237
649
80800
1258
682
80820
1274
714
80840
1293
743
80860
1321
786
80880
1331
819
80900
1362
855
80920
1391
888
80940
1432
933
80960
1464
978
80980
1493
1016
81000
