824
1007
79900
856
963
79920
884
923
79940
914
882
79960
943
844
79980
972
809
80000
995
771
80020
1017
737
80040
1048
708
80060
1082
675
80080
1107
648
80100
1118
613
80120
1145
589
80140
1164
562
80160
1177
535
80180
1185
513
80200
1186
490
80220
1200
468
80240
1216
445
80260
1238
418
80280
1250
406
80300
1258
389
80320
1262
370
80340
1274
350
80360
1281
330
80380
1286
313
80400
1283
293
80420
1284
277
80440
1293
258
80460
1299
244
80480
1302
233
80500
1301
217
80520
1303
205
80540
1302
185
80560
1299
174
80580
1298
167
80600
1299
147
80620
1297
137
80640
1289
124
80660
1298
115
80680
1302
98
80700
1306
95
80720
1302
82
80740
1303
68
80760
