153
523
80580
215
523
80600
268
513
80620
321
506
80640
382
507
80660
441
499
80680
498
495
80700
551
502
80720
616
491
80740
676
495
80760
731
496
80780
794
494
80800
848
491
80820
904
484
80840
954
484
80860
1005
470
80880
1059
462
80900
1093
446
80920
1130
424
80940
1171
416
80960
1216
410
80980
1268
407
81000
1318
409
81020
1367
397
81040
1401
395
81060
1442
387
81080
1482
385
81100
1527
380
81120
1592
380
81140
