775
1034
80820
819
1008
80840
860
979
80860
904
951
80880
951
930
80900
1008
907
80920
1045
880
80940
1084
857
80960
1127
839
80980
1167
822
81000
1208
801
81020
1256
785
81040
1288
763
81060
1323
751
81080
1357
727
81100
1392
710
81120
1423
692
81140
1460
678
81160
1494
666
81180
1516
651
81200
1540
634
81220
1566
621
81240
1597
605
81260
1627
589
81280
1654
582
81300
1688
574
81320
1711
567
81340
1733
568
81360
1759
573
81380
1787
575
81400
