743
1032
81140
788
1006
81160
832
969
81180
877
939
81200
915
916
81220
954
890
81240
995
868
81260
1034
847
81280
1065
820
81300
1091
798
81320
1117
768
81340
1142
741
81360
1158
712
81380
1173
688
81400
1188
661
81420
1202
638
81440
1224
617
81460
1250
600
81480
1268
576
81500
1288
561
81520
1292
546
81540
1290
535
81560
1274
535
81580
1242
530
81600
1196
532
81620
1155
530
81640
1116
533
81660
1071
531
81680
1034
528
81700
1010
526
81720
994
519
81740
976
511
81760
954
500
81780
967
508
81800
967
517
81820
980
527
82640
986
529
82660
989
526
82680
988
523
82700
989
526
82720
993
524
82740
1007
526
83000
1032
515
83020
1055
507
83040
1081
494
83060
1099
485
83080
1119
472
83100
1140
457
83120
1154
444
83140
1174
433
83160
1198
421
83180
1221
415
83200
1248
407
83220
1277
403
83240
1302
400
83260
1328
392
83280
1356
395
83300
1375
384
83320
1394
383
83340
1403
382
83360
1411
385
83380
1421
380
85700
1435
381
85720
1449
378
85740
1467
382
85760
1484
382
85780
1501
381
85800
1511
380
85820
1521
380
85840
1534
381
85860
1542
377
85880
1547
374
85900
1549
370
85920
1550
374
85940
1565
380
85980
1588
385
86000
