1208
91
81060
1212
97
81080
1223
107
81100
1230
122
81120
1234
130
81140
1233
140
81160
1226
153
81180
1226
164
81200
1220
175
81220
1211
187
81240
1200
200
81260
1188
213
81280
1172
220
81300
1158
235
81320
1144
244
81340
1117
250
81360
1096
260
81380
1073
271
81400
1052
284
81420
1026
296
81440
1007
305
81460
984
317
81480
957
328
81500
932
342
81520
907
351
81540
879
369
81560
852
378
81580
830
395
81600
804
413
81620
778
427
81640
756
447
81660
742
467
81680
721
484
81700
705
510
81720
695
533
81740
669
555
81760
653
578
81780
630
603
81800
615
630
81820
596
655
81840
574
685
81860
550
711
81880
525
743
81900
489
770
81920
459
808
81940
436
840
81960
408
875
81980
372
913
82000
346
949
82020
317
994
82040
280
1035
82060
