1882
1004
81800
1866
969
81820
1843
929
81840
1819
893
81860
1794
858
81880
1773
823
81900
1759
786
81920
1743
759
81940
1728
724
81960
1709
696
81980
1692
666
82000
1678
640
82020
1665
615
82040
1657
585
82060
1643
561
82080
1622
540
82100
1606
519
82120
1589
497
82140
1580
475
82160
1567
456
82180
1548
434
82200
1529
413
82220
1512
398
82240
1502
378
82260
1497
363
82280
1494
345
82300
1500
328
82320
1497
313
82340
1494
294
82360
1491
279
82380
1489
265
82400
1485
251
82420
1479
236
82440
1474
221
82460
1467
208
82480
1456
193
82500
1447
184
82520
1434
174
82540
1416
158
82560
1401
146
82580
1380
136
82600
1355
127
82620
1333
116
82640
1308
109
82660
1282
100
82680
1262
92
82700
1242
85
82720
1220
79
82740
1200
71
82760
