494
92
80960
495
105
80980
494
116
81000
496
123
81020
490
132
81040
484
142
81060
482
154
81080
481
164
81100
481
172
81120
474
183
81140
466
196
81160
461
206
81180
459
220
81200
458
227
81220
453
242
81240
449
252
81260
449
265
81280
461
276
81300
467
288
81320
471
301
81340
470
312
81360
469
329
81380
467
341
81400
460
354
81420
448
371
81440
439
384
81460
431
402
81480
424
416
81500
420
435
81520
411
449
81540
406
467
81560
403
487
81580
399
504
81600
397
527
81620
388
547
81640
381
568
81660
378
591
81680
365
609
81700
349
636
81720
337
659
81740
317
681
81760
304
711
81780
288
736
81800
271
760
81820
255
786
81840
236
818
81860
217
848
81880
197
879
81900
180
914
81920
153
944
81940
133
981
81960
104
1016
81980
