1549
416
81900
1539
419
81920
1540
425
81940
1530
428
81960
1529
432
81980
1528
439
82000
1525
440
82020
1525
434
82320
1513
426
82340
1516
421
82360
1508
411
82380
1508
406
82400
1505
398
82420
1505
385
82440
1499
380
82460
1487
374
82480
1486
368
82500
1482
358
82520
1482
352
82540
1478
348
82560
1482
342
82580
1479
337
82600
1476
331
82620
1482
335
82640
1487
331
82660
1487
329
82680
1479
335
82700
1478
338
82720
1475
339
82740
1470
340
82760
1473
350
82780
1473
350
82800
1470
351
82820
1473
358
82840
1473
358
82860
1480
358
82880
1478
364
82900
1481
363
82920
1480
364
82940
1472
368
82960
1471
372
82980
1474
380
83000
1474
379
83020
1479
384
83040
1483
389
83060
1484
391
83080
1493
405
83100
1496
404
83120
1500
408
83140
1503
416
83160
1509
419
83180
1514
420
83200
1519
417
83220
1525
419
83240
1526
425
83260
1526
425
83280
1533
431
83300
1535
435
83320
1533
436
83340
1529
431
83360
1514
429
83580
1507
427
83600
1499
417
83620
1493
412
83640
1489
416
83660
1485
407
83680
1480
402
83700
1481
405
83720
1487
411
83740
1494
414
83760
1499
416
83780
1501
423
83800
1507
428
83820
1515
433
83840
1517
436
83860
1522
439
83880
1525
439
83900
1527
441
83920
1516
433
85260
1514
424
85280
1512
420
85300
1502
419
85320
1508
414
85340
1510
413
85360
1509
410
85380
1521
411
86180
1528
410
86660
1549
407
86940
1558
404
86960
1573
396
86980
1593
386
87000
1596
385
87020
1605
381
87040
