625
1023
80960
673
989
80980
707
951
81000
728
912
81020
741
874
81040
761
840
81060
791
810
81080
828
780
81100
865
754
81120
902
734
81140
936
706
81160
969
687
81180
1006
670
81200
1040
644
81220
1072
627
81240
1097
604
81260
1124
578
81280
1152
558
81300
1171
537
81320
1187
514
81340
1196
491
81360
1203
472
81380
1213
450
81400
1216
428
81420
1226
411
81440
1232
394
81460
1232
371
81480
1230
352
81500
1228
335
81520
1233
315
81540
1237
303
81560
1246
287
81580
1245
274
81600
1253
255
81620
1257
242
81640
1263
228
81660
1276
215
81680
1288
205
81700
1296
195
81720
1307
181
81740
1317
168
81760
1321
157
81780
1326
148
81800
1331
134
81820
1336
123
81840
1337
115
81860
1334
102
81880
1332
90
81900
1328
81
81920
1327
73
81940
