1594
1045
82240
1572
1000
82260
1562
957
82280
1556
914
82300
1541
877
82320
1526
838
82340
1518
806
82360
1504
772
82380
1480
741
82400
1463
710
82420
1448
682
82440
1426
656
82460
1404
628
82480
1380
601
82500
1357
576
82520
1322
551
82540
1289
525
82560
1250
501
82580
1223
474
82600
1189
455
82620
1149
440
82640
1114
416
82660
1081
395
82680
1053
376
82700
1016
362
82720
973
346
82740
937
336
82760
904
318
82780
877
300
82800
842
291
82820
804
273
82840
774
263
82860
741
253
82880
715
239
82900
685
229
82920
662
218
82940
645
202
82960
627
188
82980
609
172
83000
600
158
83020
600
149
83040
602
133
83060
600
117
83080
600
109
83100
609
97
83120
613
84
83140
615
71
83160
621
61
83180
