735
1017
82000
795
970
82020
843
924
82040
892
883
82060
934
850
82080
975
818
82100
1022
783
82120
1060
752
82140
1094
719
82160
1120
686
82180
1138
655
82200
1160
621
82220
1177
593
82240
1193
565
82260
1210
538
82280
1226
510
82300
1241
485
82320
1252
462
82340
1252
437
82360
1260
410
82380
1256
392
82400
1259
370
82420
1258
350
82440
1260
328
82460
1263
309
82480
1271
287
82500
1277
275
82520
1285
252
82540
1292
233
82560
1300
224
82580
1303
207
82600
1308
194
82620
1313
176
82640
1316
163
82660
1320
150
82680
1317
136
82700
1316
124
82720
1313
113
82740
1311
97
82760
1311
87
82780
1309
75
82800
