1173
113
82560
1180
128
82580
1184
139
82600
1183
157
82620
1184
170
82640
1184
185
82660
1185
205
82680
1173
212
82700
1153
228
82720
1129
242
82740
1112
253
82760
1089
273
82780
1064
284
82800
1024
300
82820
981
311
82840
937
318
82860
888
334
82880
849
347
82900
819
361
82920
795
384
82940
772
401
82960
746
422
82980
730
443
83000
719
468
83020
706
492
83040
688
523
83060
667
546
83080
641
577
83100
611
605
83120
589
642
83140
567
678
83160
527
707
83180
493
745
83200
462
790
83220
429
827
83240
392
870
83260
349
908
83280
299
953
83300
251
1004
83320
207
1050
83340
