640
131
82780
633
144
82800
626
160
82820
627
179
82840
631
191
82860
633
204
82880
626
211
82900
628
221
82920
627
239
82940
625
247
82960
623
258
82980
623
259
83000
620
258
83020
614
265
83080
603
272
83100
590
281
83120
588
285
83140
590
292
83180
580
298
83200
576
314
83220
575
324
83240
577
332
83260
573
333
83360
563
336
83380
557
346
83420
556
358
83440
551
383
83460
550
396
83480
546
423
83500
551
437
83520
550
459
83540
545
483
83560
542
506
83580
529
516
83600
540
523
83620
538
527
83640
544
531
83660
553
516
83680
572
509
83700
603
495
83720
615
486
83740
638
474
83760
653
461
83780
655
458
83800
656
459
83820
660
451
83940
674
453
83960
675
446
83980
675
446
84000
699
440
84040
736
432
84060
772
433
84080
820
441
84100
868
448
84120
902
456
84140
938
471
84160
978
487
84180
1013
510
84200
1048
525
84220
1083
551
84240
1111
580
84260
1136
608
84280
1171
640
84300
1204
675
84320
1238
705
84340
1274
742
84360
1314
782
84380
1345
816
84400
1382
865
84420
1417
904
84440
1453
945
84460
1493
988
84480
1517
1034
84500
