163
977
83280
187
922
83300
199
877
83320
215
834
83340
231
793
83360
245
758
83380
261
718
83400
279
677
83420
298
643
83440
313
614
83460
340
588
83480
360
565
83500
392
569
83520
416
574
83540
445
589
83560
470
604
83580
497
616
83600
506
636
83620
509
654
83640
509
669
83660
501
688
83680
508
705
83700
518
731
83720
536
756
83740
542
777
83760
538
766
83780
534
741
83800
532
705
83820
533
668
83840
536
598
83880
545
564
83900
543
539
83920
551
507
83940
558
479
83960
558
449
83980
562
426
84000
565
401
84020
560
377
84040
548
357
84060
548
333
84080
550
316
84100
551
296
84120
544
280
84140
534
261
84160
535
247
84180
527
234
84200
521
216
84220
519
202
84240
520
186
84260
525
172
84280
533
159
84300
536
150
84320
550
132
84340
558
117
84360
559
109
84380
561
98
84400
563
80
84420
565
73
84440
568
63
84460
