1726
514
83140
1688
512
83160
1641
509
83180
1586
502
83200
1532
489
83220
1481
478
83240
1426
461
83260
1380
449
83280
1335
431
83300
1293
413
83320
1245
399
83340
1198
390
83360
1147
379
83380
1102
362
83400
1056
350
83420
1015
336
83440
978
321
83460
940
310
83480
893
299
83500
865
283
83520
833
264
83540
805
253
83560
771
241
83580
734
236
83600
697
226
83620
672
214
83640
648
199
83660
628
184
83680
618
172
83700
612
154
83720
605
139
83740
603
128
83760
600
116
83780
600
103
83800
605
92
83820
605
78
83840
606
67
83860
