1039
139
84160
1041
158
84180
1045
173
84200
1049
187
84220
1056
206
84240
1068
222
84260
1083
239
84280
1100
254
84300
1111
272
84320
1120
280
84340
1135
294
84360
1151
315
84380
1161
329
84400
1177
347
84420
1189
371
84440
1200
397
84460
1206
418
84480
1230
446
84500
1252
470
84520
1288
491
84540
1313
519
84560
1333
548
84580
1345
575
84600
1355
605
84620
1359
640
84640
1363
676
84660
1384
706
84680
1399
747
84700
1414
786
84720
1435
822
84740
1455
862
84760
1477
909
84780
1507
952
84800
1538
1007
84820
1571
1050
84840
