555
155
83300
553
177
83320
562
183
83340
568
195
83360
575
204
83380
581
217
83400
592
230
83420
596
246
83440
597
259
83460
600
273
83480
603
288
83500
606
302
83520
597
318
83540
595
333
83560
596
348
83580
590
372
83600
578
393
83620
563
411
83640
547
433
83660
531
453
83680
507
478
83700
488
498
83720
452
519
83740
412
533
83760
360
546
83780
307
551
83800
248
554
83820
192
557
83840
139
554
83860
89
548
83880
36
540
83900
