493
163
83680
485
184
83700
480
202
83720
475
216
83740
475
231
83760
484
251
83780
478
248
83800
472
258
83820
468
268
83840
467
268
83860
457
276
83980
433
276
84000
406
282
84020
391
280
85400
407
290
85420
430
282
85440
459
287
85460
489
285
85480
523
291
85500
555
292
85520
586
288
85540
623
284
85560
655
285
85580
699
282
85600
725
282
85620
768
288
85640
800
282
85660
844
273
85680
881
265
85700
909
257
85720
932
241
85740
950
231
85760
965
216
85780
979
210
85800
987
199
85820
991
189
85840
996
173
85860
998
174
85880
991
178
85900
981
178
85920
980
180
85940
977
180
85960
