603
160
84800
603
176
84820
619
191
84840
641
197
84860
669
209
84880
701
220
84900
736
222
84920
758
240
84940
787
254
84960
813
270
84980
837
285
85000
856
302
85020
885
316
85040
913
331
85060
944
347
85080
981
360
85100
1016
374
85120
1049
390
85140
1093
408
85160
1131
422
85180
1171
431
85200
1221
446
85220
1262
462
85240
1308
471
85260
1357
485
85280
1408
503
85300
1442
514
85320
1492
527
85340
1543
545
85360
1585
549
85380
1627
562
85400
1675
575
85420
1716
588
85440
1752
606
85460
