501
112
84400
502
128
84420
504
139
84440
505
154
84460
502
177
84480
511
181
84500
518
186
84520
527
213
84540
530
230
84560
533
241
84580
545
256
84600
540
268
84620
530
283
84640
526
296
84660
525
322
84680
522
339
84700
533
357
84720
539
384
84740
553
403
84760
559
425
84780
569
444
84800
572
468
84820
574
492
84840
584
522
84860
599
544
84880
616
568
84900
645
596
84920
671
620
84940
700
642
84960
734
672
84980
755
701
85000
781
733
85020
812
773
85040
850
801
85060
883
839
85080
921
874
85100
953
911
85120
994
953
85140
1042
990
85160
1082
1037
85180
1130
1072
85200
