506
161
85600
505
171
85620
505
176
85640
505
184
85660
509
188
85680
514
194
85700
512
201
85720
512
212
85740
512
217
85760
493
214
85780
482
214
85800
482
220
85820
481
220
85840
489
216
85880
503
219
85900
522
209
85920
538
204
85940
539
204
85960
538
208
86160
532
211
86180
527
211
86200
526
218
86220
519
215
86240
516
220
86260
503
230
86280
486
236
86300
480
234
86320
464
239
86340
455
244
86360
447
243
86380
448
252
86880
449
253
86900
433
257
87780
415
257
87800
396
258
87820
406
256
90380
446
280
90420
458
298
90440
485
315
90460
504
336
90480
525
353
90500
549
375
90520
572
392
90540
596
415
90560
622
436
90580
650
456
90600
684
471
90620
723
477
90640
753
487
90660
782
496
90680
791
504
90700
786
509
90720
782
507
90740
765
515
90760
751
527
90780
749
541
90800
754
552
90820
752
551
90840
770
552
91480
764
530
91500
766
514
91520
797
498
91540
851
478
91560
904
469
91580
961
456
91600
1015
446
91620
1067
441
91640
1126
438
91660
1183
428
91680
1226
424
91700
1269
416
91720
1306
408
91740
1344
400
91760
1401
395
91780
1451
390
91800
1492
395
91820
1524
389
91840
1554
384
91860
1587
379
91880
