711
1044
85300
753
1008
85320
807
976
85340
862
950
85360
915
921
85380
971
893
85400
1023
865
85420
1065
844
85440
1119
818
85460
1163
793
85480
1221
777
85500
1260
749
85520
1303
734
85540
1339
711
85560
1380
693
85580
1428
675
85600
1463
653
85620
1499
638
85640
1540
623
85660
1582
615
85680
1620
602
85700
1646
591
85720
1684
578
85740
1708
570
85760
1723
561
85780
1733
558
85800
1756
562
85820
1774
563
85840
