620
163
85620
632
178
85640
643
192
85660
667
203
85680
698
215
85700
726
224
85720
760
230
85740
794
240
85760
831
252
85780
861
263
85800
890
276
85820
924
294
85840
964
299
85860
1004
313
85880
1039
329
85900
1067
339
85920
1101
353
85940
1132
371
85960
1171
386
85980
1206
398
86000
1244
418
86020
1280
436
86040
1324
444
86060
1369
461
86080
1407
474
86100
1449
488
86120
1492
498
86140
1532
512
86160
1575
523
86180
1616
535
86200
1655
544
86220
1687
553
86240
1720
559
86260
1748
563
86280
1773
563
86300
