112
981
85300
138
937
85320
142
890
85340
161
848
85360
180
808
85380
195
776
85400
215
734
85420
234
703
85440
252
672
85460
271
645
85480
295
615
85500
310
582
85520
327
557
85540
343
532
85560
362
511
85580
372
478
85600
388
460
85620
410
435
85640
423
411
85660
444
393
85680
460
370
85700
473
349
85720
485
333
85740
490
317
85760
498
294
85780
502
279
85800
508
264
85820
517
244
85840
519
233
85860
523
212
85880
516
200
85900
516
188
85920
514
174
85940
518
161
85960
511
148
85980
499
134
86000
493
123
86020
479
114
86040
479
105
86060
472
91
86080
471
82
86100
470
75
86120
472
65
86140
