1499
224
85260
1471
218
85280
1447
230
85300
1429
238
85320
1410
251
85340
1390
257
85360
1379
270
85380
1365
279
85400
1346
295
85420
1341
303
85440
1338
311
85460
1336
328
85480
1334
346
85500
1344
367
85520
1359
390
85540
1366
410
85560
1359
431
85580
1372
456
85600
1384
489
85620
1401
521
85640
1415
544
85660
1421
579
85680
1433
605
85700
1446
643
85720
1455
680
85740
1473
713
85760
1491
749
85780
1520
794
85800
1549
833
85820
1571
884
85840
1586
924
85860
1597
974
85880
1623
1025
85900
