1353
101
86340
1346
98
86360
1343
113
86380
1335
121
86400
1330
131
86420
1327
140
86440
1321
146
86460
1321
157
86480
1313
167
86500
1315
186
86520
1300
203
86540
1285
223
86560
1279
230
86580
1258
237
86600
1240
246
86620
1217
255
86640
1192
268
86660
1174
283
86680
1154
297
86700
1135
303
86720
1114
323
86740
1097
341
86760
1064
351
86780
1033
365
86800
1016
381
86820
988
392
86840
953
412
86860
921
431
86880
901
444
86900
870
460
86920
831
476
86940
803
493
86960
778
525
86980
768
540
87000
770
568
87020
772
584
87040
773
580
87060
757
583
87180
737
599
87200
714
617
87220
682
638
87240
652
669
87260
628
696
87280
610
726
87300
582
766
87320
545
801
87340
519
839
87360
498
864
87380
469
896
87400
421
946
87420
396
981
87440
360
1028
87460
314
1069
87480
