459
177
85800
455
195
85820
454
213
85840
448
229
85860
448
245
85880
441
249
85900
433
244
85920
430
241
85940
421
243
85960
412
245
86040
402
241
86060
397
237
86080
403
243
87120
413
252
87140
418
265
87160
415
278
87180
414
302
87200
417
317
87220
414
341
87240
415
355
87260
417
373
87280
396
400
87300
380
414
87320
348
437
87340
311
456
87360
251
469
87380
200
473
87400
143
483
87420
88
477
87440
31
474
87460
