1471
223
86160
1445
228
86180
1417
240
86200
1388
248
86220
1362
266
86240
1337
274
86260
1323
284
86280
1297
300
86300
1274
314
86320
1260
330
86340
1247
344
86360
1246
363
86380
1228
378
86400
1228
398
86420
1212
420
86440
1193
446
86460
1182
462
86480
1165
481
86500
1153
506
86520
1137
522
86540
1124
555
86560
1102
575
86580
1093
600
86600
1078
624
86620
1033
650
86640
984
665
86660
949
689
86680
906
709
86700
858
738
86720
807
760
86740
756
776
86760
713
804
86780
663
838
86800
628
868
86820
580
908
86840
520
948
86860
484
979
86880
438
1012
86900
388
1057
86920
