251
1023
86820
253
987
86840
261
942
86860
272
899
86880
284
859
86900
305
823
86920
326
787
86940
347
752
86960
369
717
86980
389
686
87000
411
656
87020
433
627
87040
455
599
87060
475
574
87080
495
549
87100
515
524
87120
539
500
87140
559
482
87160
574
452
87180
592
435
87200
602
416
87220
614
388
87240
621
375
87260
630
358
87280
638
337
87300
650
325
87320
664
305
87340
673
286
87360
688
273
87380
696
262
87400
707
252
87420
720
237
87440
724
219
87460
730
207
87480
732
193
87500
730
178
87520
730
169
87540
723
158
87560
727
138
87580
727
127
87600
731
114
87620
731
101
87640
730
92
87660
726
76
87680
750
73
87700
764
69
87720
780
58
87740
801
48
87760
811
47
87780
826
44
87800
