1312
77
86420
1291
83
86440
1274
93
86460
1251
100
86480
1227
107
86500
1219
120
86520
1204
125
86540
1195
137
86560
1194
148
86580
1188
158
86600
1181
167
86620
1174
184
86640
1170
192
86660
1162
202
86680
1163
215
86700
1147
226
86720
1116
245
86740
1101
259
86760
1079
277
86780
1049
289
86800
1027
306
86820
1012
314
86840
988
328
86860
951
342
86880
930
354
86900
906
372
86920
877
385
86940
844
392
86960
815
414
86980
788
429
87000
752
455
87020
744
471
87040
721
500
87060
702
517
87080
659
539
87100
638
562
87120
604
593
87140
579
617
87160
544
643
87180
528
674
87200
501
700
87220
471
735
87240
432
764
87260
397
800
87280
368
829
87300
323
868
87320
293
906
87340
263
955
87360
229
997
87380
196
1037
87400
