1622
325
86840
1587
328
86860
1547
340
86880
1527
347
86900
1520
360
86920
1515
378
86940
1517
403
86960
1500
413
86980
1467
430
87000
1443
450
87020
1418
465
87040
1413
491
87060
1419
518
87080
1394
543
87100
1367
569
87120
1335
588
87140
1295
606
87160
1258
633
87180
1208
668
87200
1186
688
87220
1146
724
87240
1100
751
87260
1038
783
87280
991
806
87300
931
826
87320
858
867
87340
802
899
87360
746
935
87380
682
973
87400
637
1018
87420
590
1058
87440
