691
101
87140
684
121
87160
692
139
87180
678
152
87200
676
162
87220
674
175
87240
666
192
87260
665
211
87280
652
211
87300
643
224
87320
636
245
87340
629
257
87360
625
274
87380
610
292
87400
598
307
87420
581
321
87440
570
337
87460
567
357
87480
556
383
87500
550
404
87520
533
414
87540
516
432
87560
508
452
87580
496
474
87600
495
490
87620
472
517
87640
462
541
87660
444
565
87680
424
578
87700
418
612
87720
429
631
87740
424
656
87760
428
693
87780
421
729
87800
412
768
87820
385
807
87840
373
848
87860
353
889
87880
329
930
87900
315
975
87920
272
1030
87940
244
1068
87960
