1268
99
87000
1258
115
87020
1246
125
87040
1237
127
87060
1226
143
87080
1222
156
87100
1212
171
87120
1200
181
87140
1171
193
87160
1144
207
87180
1128
222
87200
1099
230
87220
1065
245
87240
1036
254
87260
1019
273
87280
989
287
87300
962
297
87320
937
313
87340
907
337
87360
876
356
87380
841
374
87400
814
389
87420
793
406
87440
770
429
87460
736
458
87480
692
470
87500
654
485
87520
612
513
87540
592
528
87560
565
567
87580
546
591
87600
496
624
87620
443
651
87640
405
671
87660
370
705
87680
348
745
87700
322
783
87720
312
827
87740
298
866
87760
292
919
87780
272
966
87800
255
1018
87820
250
1066
87840
