1469
205
87080
1452
236
87100
1443
237
87120
1429
253
87140
1413
276
87160
1402
290
87180
1400
293
87200
1396
313
87220
1389
345
87240
1389
362
87260
1380
382
87280
1372
388
87300
1383
411
87320
1375
433
87340
1360
455
87360
1341
475
87380
1319
491
87400
1297
514
87420
1276
540
87440
1257
561
87460
1236
590
87480
1212
606
87500
1188
638
87520
1167
670
87540
1147
698
87560
1114
712
87580
1089
747
87600
1042
771
87620
1001
798
87640
961
823
87660
911
858
87680
864
886
87700
807
923
87720
766
959
87740
725
996
87760
670
1026
87780
624
1064
87800
