1353
86
87340
1337
102
87360
1327
112
87380
1329
123
87400
1315
129
87420
1304
148
87440
1291
158
87460
1265
164
87480
1261
181
87500
1244
192
87520
1224
202
87540
1208
208
87560
1176
221
87580
1140
236
87600
1114
244
87620
1082
255
87640
1067
267
87660
1041
278
87680
998
293
87700
959
307
87720
937
320
87740
904
341
87760
863
359
87780
833
375
87800
821
388
87820
796
410
87840
769
434
87860
748
461
87880
723
494
87900
711
522
87920
693
547
87940
666
575
87960
648
599
87980
631
627
88000
627
664
88020
591
708
88040
575
755
88060
549
778
88080
533
822
88100
505
870
88120
484
924
88140
462
964
88160
441
1025
88180
397
1062
88200
