1606
390
87600
1598
371
87620
1586
357
87640
1561
344
87660
1530
334
87680
1503
319
87700
1477
301
87720
1458
292
87740
1419
276
87760
1392
271
87780
1353
260
87800
1323
258
87820
1291
241
87840
1269
238
87860
1236
232
87880
1202
228
87900
1177
217
87920
1144
202
87940
1128
195
87960
1116
179
87980
1107
167
88000
1097
152
88020
1096
143
88040
1096
144
88060
1096
133
88080
1096
119
88100
1094
112
88120
1094
100
88140
1095
88
88160
1081
77
88180
1068
73
88200
1045
66
88220
1020
57
88240
1017
51
88260
1003
52
88280
