1211
86
87700
1210
95
87720
1211
96
87740
1216
111
87760
1216
116
87780
1234
131
87800
1234
145
87820
1243
146
87840
1247
160
87860
1244
172
87880
1239
179
87900
1240
191
87920
1238
198
87940
1230
213
87960
1229
219
87980
1236
231
88000
1222
229
88020
1215
248
88040
1208
264
88060
1207
270
88080
1206
288
88100
1194
296
88120
1181
305
88140
1179
313
88160
1178
321
88180
1169
346
88200
1167
355
88220
1163
360
88240
1152
361
88260
1144
372
88280
1127
387
88300
1117
393
88320
1101
399
88340
1075
415
88360
1053
420
88380
1036
421
88400
1035
425
88420
1028
425
88440
1022
429
88460
1018
420
88480
1019
435
88500
1016
431
88520
1013
428
88540
1015
432
88560
1016
426
88580
1016
423
88600
1018
429
88620
1018
439
88640
1016
439
88660
1017
437
88680
1019
435
88700
1013
427
88720
1016
431
88740
1015
425
88760
1020
430
88780
1020
429
88800
1021
428
88820
1017
427
88840
1024
420
88860
1016
423
88880
1017
427
88900
1016
428
88920
1006
421
89380
1011
419
89400
1014
418
89420
990
412
89480
962
414
89500
931
413
89520
906
421
89540
901
428
89560
917
431
89580
934
433
89600
967
437
89620
1006
441
89640
1047
441
89660
1091
453
89680
1130
459
89700
1173
459
89720
1206
467
89740
1252
479
89760
1305
492
89780
1351
505
89800
1396
512
89820
1440
517
89840
1476
526
89860
1525
543
89880
1566
546
89900
1608
555
89920
1643
560
89940
1677
557
89960
1711
564
89980
1728
563
90000
1747
557
90020
1766
567
90040
1775
569
90060
