1507
171
87960
1493
182
87980
1474
190
88000
1453
200
88020
1434
209
88040
1417
221
88060
1400
231
88080
1383
246
88100
1363
255
88120
1346
268
88140
1336
286
88160
1332
300
88180
1330
317
88200
1327
335
88220
1328
353
88240
1323
372
88260
1320
393
88280
1325
411
88300
1314
429
88320
1307
447
88340
1279
467
88360
1252
489
88380
1217
507
88400
1186
520
88420
1169
540
88440
1149
560
88460
1120
583
88480
1099
623
88500
1085
648
88520
1062
668
88540
1031
693
88560
992
711
88580
974
745
88600
945
768
88620
915
809
88640
877
841
88660
827
868
88680
783
893
88700
725
922
88720
680
956
88740
635
998
88760
590
1028
88780
513
1067
88800
