1241
82
87840
1251
93
87860
1261
108
87880
1273
119
87900
1277
119
87920
1284
133
87940
1293
152
87960
1296
166
87980
1300
178
88000
1305
187
88020
1310
195
88040
1318
212
88060
1321
224
88080
1322
232
88100
1326
236
88120
1330
249
88140
1339
267
88160
1340
271
88180
1338
287
88200
1346
309
88220
1347
325
88240
1360
337
88260
1368
350
88280
1361
360
88300
1362
379
88320
1365
392
88340
1370
412
88360
1361
429
88380
1367
446
88400
1374
465
88420
1371
473
88440
1391
501
88460
1408
523
88480
1413
539
88500
1426
560
88520
1446
577
88540
1455
595
88560
1464
621
88580
1481
647
88600
1480
673
88620
1487
697
88640
1494
730
88660
1496
754
88680
1501
772
88700
1509
800
88720
1521
841
88740
1539
866
88760
1551
903
88780
1558
938
88800
1567
966
88820
1584
1011
88840
1586
1060
88860
