202
1032
88200
236
1004
88220
269
961
88240
285
927
88260
311
894
88280
339
864
88300
355
830
88320
370
795
88340
394
764
88360
409
736
88380
421
707
88400
442
682
88420
457
654
88440
467
632
88460
484
607
88480
501
587
88500
517
562
88520
522
541
88540
545
526
88560
570
511
88580
588
495
88600
604
480
88620
612
455
88640
619
438
88660
641
427
88680
660
408
88700
668
394
88720
667
376
88740
669
359
88760
660
343
88780
664
327
88800
671
313
88820
677
298
88840
684
284
88860
696
273
88880
709
258
88900
714
246
88920
720
227
88940
722
217
88960
727
207
88980
732
192
89000
743
183
89020
745
171
89040
744
158
89060
750
145
89080
751
133
89100
752
125
89120
754
112
89140
756
96
89160
761
87
89180
760
81
89200
767
75
89220
772
67
89240
785
55
89260
801
51
89280
817
44
89300
834
44
89320
