1512
388
88240
1487
399
88260
1457
415
88280
1421
421
88300
1380
435
88320
1357
442
88340
1321
452
88360
1291
461
88380
1253
463
88400
1203
467
88420
1154
460
88440
1129
433
88460
1112
417
88480
1070
399
88500
1028
387
88520
978
379
88540
939
374
88560
880
364
88580
830
365
88600
779
362
88620
732
361
88640
678
355
88660
636
347
88680
591
336
88700
552
328
88720
505
326
88740
467
317
88760
446
301
88780
419
288
88800
386
281
88820
392
296
89420
400
316
89440
407
327
89460
416
340
89480
420
352
89500
423
370
89520
423
374
89540
423
394
89560
431
415
89580
437
421
89600
448
417
89620
448
417
89640
428
428
89660
426
452
89680
423
473
89700
420
492
89720
409
513
89740
406
533
89760
403
556
89780
407
580
89800
412
607
89820
408
629
89840
402
658
89860
406
688
89880
396
713
89900
388
740
89920
382
774
89940
383
798
89960
374
833
89980
364
859
90000
352
886
90020
333
911
90040
319
947
90060
302
971
90080
293
1002
90100
277
1028
90120
266
1047
90140
251
1065
90160
