1751
1046
88180
1732
997
88200
1715
960
88220
1709
923
88240
1703
885
88260
1694
846
88280
1678
805
88300
1653
771
88320
1627
736
88340
1606
704
88360
1589
672
88380
1570
642
88400
1568
611
88420
1565
585
88440
1559
561
88460
1552
534
88480
1539
509
88500
1529
489
88520
1519
464
88540
1503
445
88560
1496
424
88580
1487
397
88600
1464
375
88620
1445
369
88640
1428
351
88660
1420
333
88680
1416
316
88700
1407
297
88720
1401
280
88740
1395
263
88760
1389
255
88780
1386
242
88800
1383
220
88820
1377
207
88840
1363
198
88860
1352
183
88880
1349
165
88900
1340
152
88920
1337
141
88940
1328
128
88960
1324
119
88980
1314
102
89000
1306
92
89020
1306
85
89040
1300
74
89060
1295
69
89080
