1185
85
88380
1186
107
88400
1192
116
88420
1193
127
88440
1195
138
88460
1201
147
88480
1203
158
88500
1205
170
88520
1210
183
88540
1211
189
88560
1216
209
88580
1217
215
88600
1216
219
88620
1216
229
88640
1211
232
88660
1221
251
88680
1222
261
88700
1207
273
88720
1196
286
88740
1180
293
88760
1163
305
88780
1135
315
88800
1120
332
88820
1093
328
88840
1077
351
88860
1054
349
88880
1023
357
88900
993
361
88920
966
379
88940
927
397
88960
884
388
88980
845
400
89000
818
411
89020
786
425
89040
762
441
89060
731
459
89080
705
476
89100
692
491
89120
681
519
89140
658
538
89160
639
559
89180
615
576
89200
588
593
89220
571
619
89240
553
636
89260
540
658
89280
520
677
89300
509
701
89320
486
730
89340
469
756
89360
452
790
89380
434
822
89400
420
852
89420
390
889
89440
360
924
89460
