1863
967
88560
1848
953
88580
1815
915
88600
1786
882
88620
1756
844
88640
1729
815
88660
1700
778
88680
1668
748
88700
1639
718
88720
1607
679
88740
1587
649
88760
1575
623
88780
1562
594
88800
1547
570
88820
1519
552
88840
1492
531
88860
1475
505
88880
1466
488
88900
1460
466
88920
1448
445
88940
1428
424
88960
1412
406
88980
1397
390
89000
1383
374
89020
1384
357
89040
1385
342
89060
1384
325
89080
1390
314
89100
1398
309
89120
1406
301
89140
1402
291
89160
1396
273
89180
1396
261
89200
1398
249
89220
1398
237
89240
1406
221
89260
1421
211
89280
1433
205
89300
1449
195
89320
1468
188
89340
1486
181
89360
1505
173
89380
1525
165
89400
