1874
826
88740
1821
819
88760
1766
806
88780
1710
793
88800
1653
786
88820
1604
775
88840
1547
775
88860
1498
763
88880
1445
763
88900
1396
755
88920
1342
750
88940
1289
740
88960
1240
741
88980
1190
733
89000
1144
722
89020
1098
720
89040
1057
722
89060
1011
715
89080
958
707
89100
908
698
89120
865
684
89140
825
665
89160
786
653
89180
748
633
89200
721
613
89220
701
594
89240
689
575
89260
686
549
89280
677
528
89300
658
509
89320
647
493
89340
635
476
89360
630
452
89380
626
441
89400
624
418
89420
629
401
89440
635
384
89460
648
364
89480
649
353
89500
647
331
89520
647
316
89540
648
302
89560
650
288
89580
652
268
89600
652
255
89620
648
241
89640
641
230
89660
630
212
89680
622
203
89700
615
195
89720
610
179
89740
611
170
89760
606
157
89780
598
144
89800
594
135
89820
592
124
89840
596
113
89860
597
102
89880
594
93
89900
596
80
89920
597
73
89940
595
66
89960
595
57
89980
