1283
87
88580
1295
96
88600
1303
102
88620
1311
116
88640
1311
129
88660
1312
143
88680
1309
154
88700
1302
170
88720
1306
181
88740
1312
196
88760
1320
207
88780
1325
222
88800
1335
235
88820
1342
254
88840
1346
269
88860
1349
285
88880
1348
300
88900
1344
319
88920
1335
337
88940
1323
352
88960
1316
371
88980
1310
396
89000
1306
412
89020
1306
432
89040
1308
458
89060
1316
479
89080
1327
497
89100
1350
525
89120
1369
549
89140
1387
575
89160
1399
604
89180
1408
635
89200
1411
657
89220
1410
692
89240
1423
727
89260
1438
759
89280
1459
795
89300
1476
833
89320
1493
871
89340
1514
912
89360
1537
958
89380
1559
1001
89400
1596
1052
89420
