1535
366
88780
1493
358
88800
1450
352
88820
1408
344
88840
1368
332
88860
1329
320
88880
1288
307
88900
1248
297
88920
1205
287
88940
1165
283
88960
1121
276
88980
1078
268
89000
1037
260
89020
996
254
89040
949
250
89060
902
248
89080
863
243
89100
821
237
89120
787
226
89140
746
223
89160
707
212
89180
672
208
89200
644
194
89220
614
185
89240
605
175
89260
607
162
89280
607
146
89300
605
134
89320
601
118
89340
593
106
89360
589
97
89380
588
82
89400
587
70
89420
589
61
89440
