93
1010
88660
123
1000
88680
133
979
88700
158
974
88720
174
964
88740
196
964
88760
202
955
88780
218
947
88800
236
934
88820
254
916
88840
262
901
88860
269
882
88880
282
866
88900
291
832
88920
301
823
88940
322
802
88960
331
786
88980
343
767
89000
345
744
89020
354
730
89040
356
711
89060
357
700
89080
350
677
89100
332
667
89120
312
653
89140
286
644
89160
270
628
89180
249
614
89200
234
608
89220
217
599
89240
196
589
89260
198
579
89280
187
565
89300
174
563
89320
145
561
89340
113
559
89360
79
551
89380
49
550
89400
20
540
89420
