1335
92
88400
1323
99
88420
1314
110
88440
1302
126
88460
1295
132
88480
1282
143
88500
1268
147
88520
1263
164
88540
1259
171
88560
1264
187
88580
1271
202
88600
1280
216
88620
1280
225
88640
1267
241
88660
1262
254
88680
1259
279
88700
1242
285
88720
1231
302
88740
1211
310
88760
1194
332
88780
1186
346
88800
1185
368
88820
1179
383
88840
1168
406
88860
1162
425
88880
1152
444
88900
1138
468
88920
1141
489
88940
1139
515
88960
1140
536
88980
1135
561
89000
1115
585
89020
1102
610
89040
1076
636
89060
1059
664
89080
1033
686
89100
997
707
89120
952
724
89140
916
761
89160
881
780
89180
840
806
89200
803
839
89220
761
862
89240
726
895
89260
698
933
89280
658
971
89300
616
1009
89320
564
1039
89340
507
1068
89360
