1272
96
89220
1289
95
89240
1299
111
89260
1310
117
89280
1321
131
89300
1329
142
89320
1332
148
89340
1338
161
89360
1347
172
89380
1351
182
89400
1361
198
89420
1364
207
89440
1370
223
89460
1369
237
89480
1363
247
89500
1352
258
89520
1344
272
89540
1350
281
89560
1352
293
89580
1358
306
89600
1372
326
89620
1381
340
89640
1392
356
89660
1398
373
89680
1409
389
89700
1428
404
89720
1455
422
89740
1489
436
89760
1517
453
89780
1548
472
89800
1575
490
89820
1599
508
89840
1622
516
89860
1644
526
89880
1671
539
89900
1701
544
89920
1735
548
89940
1765
559
89960
