1721
522
89300
1685
534
89320
1652
551
89340
1615
552
89360
1589
567
89380
1558
581
89400
1518
594
89420
1480
603
89440
1439
620
89460
1402
635
89480
1367
647
89500
1325
660
89520
1278
672
89540
1231
691
89560
1193
708
89580
1158
727
89600
1113
747
89620
1074
763
89640
1032
784
89660
989
806
89680
945
823
89700
895
848
89720
844
860
89740
798
886
89760
750
909
89780
693
929
89800
641
953
89820
587
976
89840
534
1003
89860
483
1032
89880
432
1062
89900
