1580
370
89360
1533
367
89380
1492
347
89400
1450
335
89420
1404
323
89440
1362
314
89460
1322
305
89480
1280
299
89500
1237
296
89520
1194
289
89540
1150
282
89560
1105
271
89580
1067
267
89600
1028
260
89620
991
256
89640
949
247
89660
909
243
89680
873
232
89700
839
227
89720
802
221
89740
767
217
89760
729
207
89780
692
203
89800
661
196
89820
628
182
89840
619
169
89860
616
157
89880
617
142
89900
615
133
89920
621
119
89940
626
109
89960
632
94
89980
639
85
90000
645
74
90020
