1673
518
89620
1631
527
89640
1582
515
89660
1542
496
89680
1505
477
89700
1474
448
89720
1443
434
89740
1405
420
89760
1378
405
89780
1365
390
89800
1358
373
89820
1340
360
89840
1324
342
89860
1311
324
89880
1305
298
89900
1306
278
89920
1310
264
89940
1316
248
89960
1325
235
89980
1331
218
90000
1335
199
90020
1339
186
90040
1333
176
90060
1327
157
90080
1325
147
90100
1332
134
90120
1338
125
90140
1338
113
90160
1340
100
90180
1338
89
90200
1332
74
90220
