1168
90
89320
1178
96
89340
1187
103
89360
1198
116
89380
1208
120
89400
1214
129
89420
1224
136
89440
1237
147
89460
1245
156
89480
1252
165
89500
1260
175
89520
1266
185
89540
1272
196
89560
1280
209
89580
1284
219
89600
1288
227
89620
1290
240
89640
1299
250
89660
1309
267
89680
1313
278
89700
1324
292
89720
1333
304
89740
1336
318
89760
1342
336
89780
1347
346
89800
1361
358
89820
1375
370
89840
1385
383
89860
1396
401
89880
1416
416
89900
1439
430
89920
1463
447
89940
1483
462
89960
1509
481
89980
1537
496
90000
1569
509
90020
1596
529
90040
1627
545
90060
1661
552
90080
1697
559
90100
1732
568
90120
1765
572
90140
1789
569
90160
