1733
524
90020
1698
524
90040
1650
520
90060
1600
509
90080
1553
493
90100
1506
480
90120
1463
463
90140
1416
448
90160
1373
432
90180
1337
400
90200
1310
385
90220
1280
362
90240
1250
345
90260
1226
326
90280
1197
307
90300
1167
296
90320
1133
280
90340
1095
268
90360
1064
256
90380
1039
240
90400
1015
228
90420
996
218
90440
979
200
90460
972
187
90480
970
175
90500
967
178
90520
965
180
90540
964
182
90560
964
184
90580
965
189
90600
981
186
90620
