1466
362
89800
1418
359
89820
1381
345
89840
1348
336
89860
1309
333
89880
1273
327
89900
1238
317
89920
1193
304
89940
1160
299
89960
1121
295
89980
1079
283
90000
1043
276
90020
1000
266
90040
960
257
90060
921
252
90080
883
238
90100
845
231
90120
809
224
90140
775
219
90160
739
209
90180
706
202
90200
665
197
90220
638
185
90240
619
174
90260
616
159
90280
610
146
90300
612
133
90320
610
118
90340
606
105
90360
603
94
90380
600
85
90400
598
74
90420
594
60
90440
