1857
834
89740
1823
836
89760
1785
834
89780
1746
832
89800
1713
829
89820
1674
830
89840
1633
829
89860
1593
823
89880
1548
823
89900
1514
825
89920
1473
824
89940
1429
823
89960
1392
822
89980
1356
823
90000
1318
821
90020
1276
815
90040
1236
813
90060
1193
814
90080
1152
812
90100
1106
807
90120
1065
810
90140
1012
812
90160
976
814
90180
941
815
90200
904
818
90220
871
818
90240
836
820
90260
798
827
90280
759
821
90300
723
828
90320
696
827
90340
697
826
90360
673
826
90440
665
827
90460
658
829
90480
643
827
91060
624
838
91080
594
853
91100
569
884
91120
547
915
91140
521
953
91160
488
991
91180
447
1027
91200
408
1064
91220
