1585
305
90180
1550
300
90200
1519
288
90220
1484
280
90240
1460
269
90260
1437
260
90280
1407
246
90300
1378
238
90320
1347
230
90340
1311
223
90360
1278
224
90380
1240
223
90400
1205
220
90420
1167
225
90440
1133
219
90460
1101
216
90480
1066
215
90500
1026
211
90520
990
209
90540
953
205
90560
917
201
90580
879
199
90600
843
198
90620
808
196
90640
772
192
90660
738
194
90680
700
189
90700
667
192
90720
641
184
90740
619
175
90760
599
168
90780
592
159
90800
585
149
90820
587
134
90840
587
127
90860
586
117
90880
583
101
90900
581
95
90920
581
85
90940
578
75
90960
582
67
90980
581
58
91000
