1886
1007
89960
1823
993
89980
1763
973
90000
1712
972
90020
1654
974
90040
1600
976
90060
1546
975
90080
1480
973
90100
1427
971
90120
1367
966
90140
1304
955
90160
1250
944
90180
1194
932
90200
1142
918
90220
1093
897
90240
1038
880
90260
993
859
90280
943
843
90300
889
826
90320
832
817
90340
778
801
90360
733
779
90380
685
761
90400
633
748
90420
583
735
90440
538
718
90460
489
707
90480
445
695
90500
399
681
90520
355
670
90540
317
660
90560
264
653
90580
223
649
90600
186
645
90620
150
650
90640
