1160
86
90020
1170
84
90040
1174
92
90060
1182
100
90080
1186
109
90100
1190
116
90120
1197
124
90140
1198
130
90160
1202
138
90180
1197
150
90200
1187
163
90220
1184
166
90240
1179
174
90260
1181
184
90280
1181
190
90300
1189
197
90320
1206
212
90340
1206
213
90360
1208
224
90380
1216
233
90400
1215
245
90420
1222
257
90440
1227
267
90460
1230
277
90480
1240
288
90500
1244
299
90520
1252
310
90540
1260
319
90560
1274
329
90580
1282
345
90600
1282
356
90620
1284
368
90640
1282
383
90660
1287
395
90680
1300
405
90700
1310
414
90720
1323
422
90740
1325
441
90760
1335
452
90780
1344
467
90800
1362
470
90820
1373
482
90840
1392
493
90860
1397
495
90880
1408
502
91020
1418
508
91040
1423
519
91060
1433
528
91080
1437
534
91100
1443
545
91280
1449
549
91300
1462
561
91320
1479
568
91340
1501
573
91360
1512
580
91380
1523
586
91400
1531
586
91420
1532
587
91440
1541
590
91460
1548
595
91480
1558
598
91500
1564
596
91560
1567
599
91580
1587
602
91600
1610
606
91620
1625
614
91640
1645
620
91660
1668
623
91680
1685
627
91700
1706
635
91720
1714
640
91740
1728
639
91760
1736
628
91780
1754
620
91800
1772
613
91820
