668
1023
89980
715
1031
90000
764
1001
90020
809
967
90040
856
940
90060
903
913
90080
947
886
90100
983
858
90120
1013
831
90140
1042
803
90160
1076
779
90180
1101
753
90200
1132
737
90220
1165
720
90240
1197
697
90260
1225
675
90280
1255
654
90300
1284
635
90320
1311
614
90340
1336
595
90360
1360
577
90380
1388
562
90400
1415
544
90420
1439
528
90440
1458
522
90460
1478
473
90480
1492
459
90500
1501
447
90520
1508
433
90540
1507
422
90560
1511
408
90580
1510
397
90600
1525
394
90620
1558
386
90640
1582
382
90660
1613
386
90680
