1582
310
90900
1536
303
90920
1492
293
90940
1449
283
90960
1402
275
90980
1358
270
91000
1313
269
91020
1267
266
91040
1220
267
91060
1175
263
91080
1128
257
91100
1083
250
91120
1036
246
91140
987
235
91160
946
230
91180
901
226
91200
854
218
91220
810
212
91240
769
206
91260
722
198
91280
679
195
91300
647
186
91320
625
176
91340
611
158
91360
603
146
91380
604
131
91400
609
120
91420
615
105
91440
606
90
91460
603
80
91480
598
67
91500
592
56
91520
