1178
84
90840
1176
102
90860
1178
114
90880
1181
125
90900
1189
134
90920
1195
148
90940
1197
163
90960
1200
176
90980
1201
189
91000
1203
204
91020
1202
219
91040
1204
232
91060
1202
250
91080
1201
260
91100
1196
276
91120
1193
291
91140
1189
305
91160
1194
319
91180
1195
333
91200
1195
353
91220
1189
371
91240
1180
390
91260
1176
413
91280
1177
436
91300
1184
458
91320
1188
484
91340
1188
505
91360
1180
528
91380
1175
551
91400
1166
569
91420
1150
591
91440
1138
607
91460
1146
603
91480
1172
594
91500
1198
575
91520
1216
566
91540
1237
555
91560
1256
544
91580
1277
531
91600
1305
519
91620
1329
510
91640
1355
498
91660
1370
489
91680
1385
482
91700
1394
471
91720
1399
463
91740
1408
452
91760
1412
447
91780
1416
446
91800
1423
446
91880
1431
450
91900
1432
451
91920
1439
451
91940
1443
449
91960
1448
442
91980
1450
441
92000
1452
438
92020
1454
433
92040
1457
427
92060
1452
419
92080
1457
410
92100
1477
404
92120
1499
400
92140
1525
398
92160
1546
396
92180
1574
389
92200
1604
390
92220
