1343
103
91260
1345
109
91280
1354
121
91300
1359
135
91320
1363
147
91340
1373
159
91360
1380
171
91380
1390
183
91400
1393
199
91420
1402
215
91440
1405
226
91460
1410
243
91480
1420
261
91500
1421
279
91520
1434
293
91540
1441
308
91560
1445
328
91580
1444
344
91600
1431
363
91620
1425
377
91640
1433
396
91660
1445
420
91680
1471
438
91700
1502
461
91720
1531
477
91740
1567
501
91760
1608
517
91780
1653
533
91800
1699
546
91820
1747
556
91840
1786
560
91860
