1583
377
91740
1551
377
91760
1529
388
91780
1514
408
91800
1500
425
91820
1489
439
91840
1477
458
91860
1455
475
91880
1441
499
91900
1427
512
91920
1427
532
91940
1415
548
91960
1392
569
91980
1369
579
92000
1355
599
92020
1331
618
92040
1307
637
92060
1271
654
92080
1234
670
92100
1203
696
92120
1161
717
92140
1119
737
92160
1084
753
92180
1043
778
92200
1000
798
92220
957
827
92240
918
852
92260
877
882
92280
835
912
92300
790
941
92320
739
972
92340
688
1006
92360
645
1044
92380
594
1069
92400
