1358
87
92380
1349
98
92400
1338
104
92420
1333
97
92440
1332
108
92460
1333
115
92480
1333
126
92500
1334
131
92520
1332
146
92540
1335
155
92560
1333
163
92580
1330
170
92600
1330
181
92620
1333
194
92640
1327
203
92660
1324
213
92680
1320
219
92700
1322
230
92720
1322
241
92740
1323
250
92760
1321
263
92780
1321
273
92800
1321
284
92820
1316
295
92840
1311
306
92860
1307
314
92880
1300
331
92900
1295
345
92920
1291
358
92940
1289
372
92960
1288
388
92980
1287
403
93000
1286
417
93020
1285
435
93040
1287
450
93060
1278
458
93080
1272
473
93100
1271
487
93120
1263
503
93140
1261
520
93160
1269
534
93180
1271
550
93200
1269
568
93220
1265
592
93240
1257
608
93260
1250
629
93280
1243
651
93300
1239
677
93320
1242
699
93340
1244
725
93360
1256
759
93380
1259
796
93400
1274
835
93420
1303
874
93440
1331
920
93460
1356
971
93480
1379
1025
93500
