1566
372
92260
1533
367
92280
1494
365
92300
1454
370
92320
1425
379
92340
1394
389
92360
1369
403
92380
1344
425
92400
1331
437
92420
1321
456
92440
1316
479
92460
1303
494
92480
1286
516
92500
1267
540
92520
1254
561
92540
1232
586
92560
1202
607
92580
1174
631
92600
1141
657
92620
1108
680
92640
1068
699
92660
1029
723
92680
989
743
92700
953
776
92720
909
796
92740
863
823
92760
816
843
92780
766
873
92800
718
893
92820
671
921
92840
625
954
92860
572
983
92880
528
1010
92900
478
1044
92920
430
1076
92940
