605
108
92080
599
120
92100
591
129
92120
588
144
92140
597
143
92160
604
164
92180
599
176
92200
604
190
92220
618
198
92240
632
210
92260
650
226
92280
669
235
92300
689
248
92320
701
258
92340
722
276
92360
740
290
92380
763
303
92400
789
317
92420
808
332
92440
832
342
92460
856
358
92480
876
375
92500
898
390
92520
922
410
92540
950
426
92560
973
449
92580
993
465
92600
1014
483
92620
1030
510
92640
1043
528
92660
1044
557
92680
1043
581
92700
1047
604
92720
1053
633
92740
1052
661
92760
1043
687
92780
1035
704
92800
1034
730
92820
1031
743
92840
1031
770
92860
1047
794
92880
1069
826
92900
1086
863
92920
1109
895
92940
1143
936
92960
1184
977
92980
1222
1014
93000
1261
1055
93020
