499
1006
92800
544
975
92820
589
947
92840
629
917
92860
669
892
92880
702
863
92900
741
845
92920
781
823
92940
820
807
92960
854
786
92980
890
771
93000
930
747
93020
967
723
93040
1000
703
93060
1037
688
93080
1073
664
93100
1110
645
93120
1149
627
93140
1174
604
93160
1193
579
93180
1204
567
93200
1209
550
93220
1224
534
93240
1252
516
93260
1274
497
93280
1297
484
93300
1322
465
93320
1348
454
93340
1362
443
93360
1382
422
93380
1396
405
93400
1415
391
93420
1434
379
93440
1452
373
93460
1474
359
93480
1485
351
93500
1490
339
93520
1501
328
93540
1532
324
93560
1565
319
93580
1596
315
93600
1626
314
93620
