1592
378
92580
1551
379
92600
1509
374
92620
1471
371
92640
1433
370
92660
1396
373
92680
1357
381
92700
1318
377
92720
1277
382
92740
1240
387
92760
1199
387
92780
1158
392
92800
1119
394
92820
1077
396
92840
1039
401
92860
998
405
92880
956
409
92900
912
412
92920
868
418
92940
830
418
92960
785
424
92980
744
432
93000
703
439
93020
659
449
93040
618
453
93060
574
464
93080
536
475
93100
493
482
93120
450
491
93140
406
494
93160
360
494
93180
309
503
93200
257
505
93220
202
503
93240
152
503
93260
107
501
93280
57
498
93300
9
493
93320
