1550
379
92980
1504
379
93000
1454
374
93020
1406
369
93040
1368
385
93060
1329
386
93080
1292
385
93100
1239
381
93120
1190
381
93140
1137
385
93160
1084
391
93180
1032
401
93200
984
405
93220
929
423
93240
874
426
93260
821
439
93280
762
446
93300
708
461
93320
647
466
93340
593
479
93360
539
499
93380
483
517
93400
417
517
93420
354
512
93440
293
507
93460
229
516
93480
162
512
93500
99
508
93520
40
502
93540
