1598
383
92940
1571
394
92960
1561
408
92980
1559
419
93000
1553
431
93020
1540
442
93040
1530
450
93060
1506
453
93080
1491
459
93100
1467
474
93120
1448
484
93140
1429
503
93160
1405
516
93180
1381
538
93200
1358
550
93220
1333
567
93240
1304
568
93260
1265
568
93280
1232
579
93300
1215
607
93320
1199
633
93340
1178
665
93360
1157
689
93380
1130
720
93400
1108
749
93420
1070
776
93440
1034
802
93460
991
825
93480
946
857
93500
910
878
93520
870
909
93540
823
929
93560
775
960
93580
733
994
93600
684
1022
93620
638
1049
93640
