1574
378
92860
1545
381
92880
1542
396
92900
1541
412
92920
1534
425
92940
1535
438
92960
1533
451
92980
1525
455
93000
1531
459
93020
1530
465
93100
1535
471
93120
1528
489
93140
1522
507
93160
1516
535
93180
1511
558
93200
1502
583
93220
1495
608
93240
1479
624
93260
1456
644
93280
1438
669
93300
1427
695
93320
1404
724
93340
1390
752
93360
1396
789
93380
1415
809
93400
1435
841
93420
1454
881
93440
1476
916
93460
1498
969
93480
1513
1010
93500
1529
1069
93520
