1300
102
93200
1292
111
93220
1284
125
93240
1279
138
93260
1271
151
93280
1267
167
93300
1264
178
93320
1247
186
93340
1217
203
93360
1191
216
93380
1165
227
93400
1136
243
93420
1101
249
93440
1064
263
93460
1036
278
93480
1008
294
93500
977
306
93520
942
316
93540
909
326
93560
897
335
93580
892
357
93600
874
377
93620
840
395
93640
793
413
93660
750
435
93680
724
453
93700
704
478
93720
692
507
93740
689
540
93760
686
565
93780
665
592
93800
630
625
93820
585
658
93840
547
693
93860
512
728
93880
479
757
93900
446
803
93920
412
845
93940
372
881
93960
333
919
93980
300
968
94000
254
1009
94020
223
1055
94040
