1873
831
93280
1817
817
93300
1770
795
93320
1726
774
93340
1688
741
93360
1649
705
93380
1612
670
93400
1578
645
93420
1547
622
93440
1514
596
93460
1483
578
93480
1452
561
93500
1422
549
93520
1394
534
93540
1364
511
93560
1322
499
93580
1285
482
93600
1244
466
93620
1193
453
93640
1152
445
93660
1108
431
93680
1075
415
93700
1051
399
93720
1045
392
93740
1026
383
93760
989
368
93780
955
357
93800
915
341
93820
888
329
93840
857
315
93860
783
278
93880
793
292
93900
759
280
93920
726
269
93940
693
262
93960
660
249
93980
623
252
94000
584
243
94020
562
235
94040
550
222
94060
539
206
94080
537
194
94100
534
184
94120
522
170
94140
526
158
94160
522
143
94180
522
134
94200
521
105
94220
531
110
94240
527
100
94260
521
83
94280
516
73
94300
510
64
94320
503
57
94340
