592
194
93380
604
207
93400
625
219
93420
643
224
93440
664
236
93460
686
249
93480
712
263
93500
737
274
93520
764
284
93540
794
292
93560
822
304
93580
851
315
93600
870
326
93620
890
333
93640
918
347
93660
945
360
93680
975
375
93700
1009
382
93720
1025
392
93740
1047
402
93760
1080
413
93780
1112
427
93800
1153
439
93820
1191
453
93840
1225
469
93860
1266
483
93880
1304
499
93900
1340
507
93920
1379
518
93940
1423
532
93960
1466
548
93980
1511
564
94000
1554
577
94020
1596
587
94040
1644
602
94060
1686
611
94080
1735
618
94100
1777
625
94120
