1473
225
93160
1445
233
93180
1426
240
93200
1402
244
93220
1377
249
93240
1352
254
93260
1323
261
93280
1295
263
93300
1268
273
93320
1244
279
93340
1213
282
93360
1183
292
93380
1150
288
93400
1119
293
93420
1086
302
93440
1056
309
93460
1028
314
93480
993
321
93500
967
329
93520
941
338
93540
916
339
93560
889
348
93580
855
354
93600
821
364
93620
790
376
93640
758
384
93660
723
389
93680
695
400
93700
661
416
93720
627
423
93740
587
435
93760
549
446
93780
504
458
93800
471
468
93820
426
484
93840
386
488
93860
345
499
93880
302
514
93900
260
533
93920
221
549
93940
190
572
93960
147
584
93980
121
605
94000
