1483
167
93360
1463
177
93380
1435
179
93400
1419
182
93420
1410
196
93440
1410
205
93460
1408
217
93480
1403
231
93500
1399
243
93520
1396
251
93540
1388
259
93560
1386
273
93580
1386
285
93600
1384
298
93620
1376
315
93640
1379
330
93660
1374
346
93680
1359
356
93700
1357
369
93720
1353
384
93740
1348
402
93760
1331
415
93780
1329
435
93800
1326
454
93820
1322
475
93840
1321
495
93860
1328
516
93880
1333
539
93900
1337
559
93920
1349
590
93940
1362
614
93960
1375
639
93980
1387
664
94000
1393
691
94020
1406
715
94040
1421
748
94060
1441
776
94080
1468
811
94100
1484
849
94120
1495
886
94140
1512
924
94160
1535
962
94180
1554
998
94200
1570
1036
94220
