1870
900
93380
1874
885
93400
1837
878
93420
1797
804
93440
1756
776
93460
1717
747
93480
1682
713
93500
1642
683
93520
1626
655
93540
1615
623
93560
1592
592
93580
1561
574
93600
1515
553
93620
1473
544
93640
1428
529
93660
1386
513
93680
1361
495
93700
1333
475
93720
1308
456
93740
1291
441
93760
1285
414
93780
1283
394
93800
1279
377
93820
1273
362
93840
1258
335
93860
1241
321
93880
1216
300
93900
1189
280
93920
1164
263
93940
1147
244
93960
1135
234
93980
1124
215
94000
1123
201
94020
1117
191
94040
1107
167
94060
1104
148
94080
1099
126
94100
1099
101
94120
1097
81
94140
1086
71
94160
1049
65
94180
1012
56
94200
995
45
94220
