509
128
93460
517
143
93480
526
157
93500
537
166
93520
546
185
93540
559
197
93560
569
217
93580
583
230
93600
596
246
93620
616
262
93640
642
277
93660
670
291
93680
700
306
93700
729
322
93720
760
336
93740
795
353
93760
833
364
93780
878
377
93800
920
391
93820
971
401
93840
1014
407
93860
1055
419
93880
1095
438
93900
1134
456
93920
1155
466
93940
1173
501
93960
1180
521
93980
1195
550
94000
1231
574
94020
1279
599
94040
1328
625
94060
1379
641
94080
1435
657
94100
1494
669
94120
1550
680
94140
1603
682
94160
1649
685
94180
1689
680
94200
1719
675
94220
1741
675
94240
1765
668
94260
