1488
222
93780
1453
208
93800
1418
206
93820
1386
209
93840
1351
206
93860
1318
202
93880
1290
203
93900
1262
203
93920
1232
203
93940
1196
206
93960
1164
202
93980
1130
200
94000
1096
201
94020
1062
202
94040
1029
201
94060
995
201
94080
959
201
94100
924
197
94120
889
201
94140
854
194
94160
821
198
94180
785
201
94200
750
198
94220
720
204
94240
692
202
94260
669
196
94280
648
190
94300
632
179
94320
624
170
94340
616
159
94360
611
142
94380
612
134
94400
614
122
94420
616
108
94440
614
97
94460
610
89
94480
610
78
94500
608
68
94520
