580
69
93740
585
80
93760
585
92
93780
590
107
93800
592
118
93820
592
127
93840
596
140
93860
599
154
93880
597
162
93900
595
183
93920
601
186
93940
616
199
93960
645
208
93980
682
217
94000
716
220
94020
755
229
94040
788
243
94060
827
251
94080
866
260
94100
905
269
94120
942
283
94140
986
293
94160
1025
303
94180
1067
313
94200
1104
328
94220
1137
342
94240
1169
359
94260
1214
378
94280
1250
389
94300
1287
410
94320
1328
421
94340
1374
442
94360
1417
460
94380
1467
480
94400
1517
486
94420
1566
501
94440
1611
520
94460
1659
530
94480
1705
540
94500
1747
550
94520
