1564
370
93780
1544
364
93800
1525
363
93820
1497
366
93840
1464
347
93860
1430
340
93880
1387
330
93900
1354
327
93920
1316
318
93940
1279
310
93960
1243
301
93980
1206
292
94000
1172
287
94020
1140
279
94040
1105
272
94060
1069
269
94080
1032
263
94100
999
254
94120
966
248
94140
929
239
94160
900
234
94180
862
226
94200
827
221
94220
790
217
94240
762
210
94260
731
209
94280
703
210
94300
678
202
94320
656
192
94340
638
185
94360
623
172
94380
616
159
94400
608
148
94420
604
135
94440
607
124
94460
609
114
94480
610
101
94500
610
92
94520
616
79
94540
616
66
94560
