510
152
93740
512
170
93760
518
185
93780
528
202
93800
541
215
93820
554
235
93840
565
252
93860
590
270
93880
627
282
93900
674
291
93920
717
296
93940
759
304
93960
805
318
93980
844
325
94000
884
339
94020
929
351
94040
974
370
94060
1019
384
94080
1063
393
94100
1108
408
94120
1145
424
94140
1184
442
94160
1223
452
94180
1269
467
94200
1305
480
94220
1345
490
94240
1383
497
94260
1437
521
94280
1490
546
94300
1551
564
94320
1615
581
94340
1682
595
94360
1734
605
94380
1786
609
94400
