537
205
93740
553
220
93760
551
237
93780
580
248
93800
610
256
93820
645
261
93840
676
274
93860
708
284
93880
739
296
93900
776
308
93920
818
320
93940
850
327
93960
882
338
93980
922
350
94000
961
361
94020
1002
375
94040
1047
387
94060
1089
399
94080
1125
408
94100
1161
420
94120
1191
427
94140
1226
433
94160
1258
442
94180
1290
458
94200
1323
472
94220
1351
475
94240
1386
482
94260
1428
495
94280
1462
508
94300
1501
519
94320
1541
521
94340
1585
529
94360
1627
538
94380
1670
546
94400
1699
546
94420
1734
553
94440
1774
552
94460
