1841
961
93960
1788
947
93980
1732
923
94000
1681
888
94020
1627
864
94040
1581
836
94060
1532
813
94080
1494
793
94100
1449
777
94120
1413
754
94140
1373
727
94160
1336
699
94180
1301
677
94200
1260
646
94220
1229
621
94240
1203
597
94260
1172
574
94280
1142
552
94300
1110
530
94320
1075
510
94340
1046
495
94360
1017
474
94380
979
460
94400
948
441
94420
918
421
94440
893
407
94460
861
393
94480
832
376
94500
802
364
94520
777
351
94540
748
333
94560
732
324
94580
712
312
94600
687
298
94620
665
287
94640
645
273
94660
628
260
94680
611
246
94700
597
233
94720
589
225
94740
583
208
94760
571
198
94780
565
185
94800
556
174
94820
544
161
94840
535
155
94860
528
143
94880
521
131
94900
518
124
94920
524
114
94940
527
102
94960
530
90
94980
533
79
95000
535
73
95020
541
64
95040
