1573
417
93720
1555
421
93740
1530
391
93760
1516
383
93780
1503
391
93800
1496
391
93820
1466
384
93840
1459
376
93860
1446
367
93880
1435
368
93900
1424
363
93920
1401
358
93940
1381
350
93960
1366
342
93980
1354
330
94000
1342
326
94020
1323
313
94040
1306
303
94060
1287
292
94080
1273
287
94100
1259
277
94120
1238
270
94140
1223
260
94160
1215
255
94180
1204
251
94200
1196
245
94220
1187
235
94240
1183
234
94260
1173
232
94280
1180
228
94300
1180
230
94320
1183
228
94340
1181
231
94360
1181
228
94380
1179
230
94400
1182
227
94420
1179
231
94440
1181
227
94460
1181
228
94480
1180
226
94740
1176
227
94760
1177
228
94780
1171
230
94800
1165
229
94820
1166
225
94840
1164
231
94860
1166
225
94880
1167
228
94900
1167
227
94920
1158
226
94940
1150
221
94960
1144
220
94980
1145
216
95000
1156
207
95020
1168
191
95040
1180
189
95060
1190
177
95080
1196
163
95100
1198
153
95120
1201
147
95140
1206
132
95160
1206
120
95180
1205
111
95200
1207
98
95220
1202
86
95240
1203
68
95280
