617
216
94180
624
243
94200
644
258
94220
667
267
94240
692
272
94260
720
283
94280
741
296
94300
762
308
94320
785
318
94340
812
331
94360
847
347
94380
874
356
94400
901
371
94420
936
379
94440
979
399
94460
1007
408
94480
1038
420
94500
1075
440
94520
1112
452
94540
1149
470
94560
1180
488
94580
1213
502
94600
1258
517
94620
1303
531
94640
1346
547
94660
1388
546
94680
1437
559
94700
1483
569
94720
1537
578
94740
1598
593
94760
1649
602
94780
1704
607
94800
1753
618
94820
