1598
400
94040
1571
393
94060
1538
381
94080
1508
383
94100
1472
380
94120
1442
382
94140
1418
392
94160
1390
388
94180
1356
387
94200
1325
390
94220
1300
398
94240
1270
409
94260
1242
410
94280
1210
422
94300
1176
430
94320
1138
434
94340
1109
445
94360
1077
450
94380
1042
453
94400
1003
445
94420
961
448
94440
914
448
94460
872
445
94480
830
448
94500
797
452
94520
757
462
94540
714
460
94560
678
469
94580
641
476
94600
602
489
94620
567
499
94640
523
499
94660
474
513
94680
428
511
94700
387
519
94720
340
525
94740
298
530
94760
251
531
94780
206
537
94800
159
535
94820
121
538
94840
74
534
94860
29
534
94880
