1309
89
94000
1307
93
94020
1307
104
94040
1306
115
94060
1302
119
94080
1298
127
94100
1297
137
94120
1288
145
94140
1279
158
94160
1266
159
94180
1254
166
94200
1240
177
94220
1224
188
94240
1200
195
94260
1178
202
94280
1154
212
94300
1122
216
94320
1087
222
94340
1062
230
94360
1041
244
94380
1016
252
94400
991
257
94420
968
267
94440
940
285
94460
913
296
94480
889
312
94500
864
324
94520
841
326
94540
819
347
94560
790
351
94580
762
371
94600
733
382
94620
698
392
94640
666
402
94660
631
418
94680
595
436
94700
553
443
94720
512
451
94740
474
469
94760
427
475
94780
391
495
94800
344
502
94820
296
515
94840
251
522
94860
192
527
94880
149
527
94900
95
535
94920
47
532
94940
