564
61
94300
570
91
94320
574
101
94340
575
113
94360
575
124
94380
572
132
94400
572
138
94420
569
152
94440
570
159
94460
572
175
94480
573
187
94500
582
196
94520
588
208
94540
599
215
94560
623
206
94580
652
220
94600
682
221
94620
711
230
94640
741
235
94660
763
246
94680
792
265
94700
819
274
94720
844
278
94740
872
293
94760
898
307
94780
926
318
94800
953
326
94820
983
338
94840
1013
351
94860
1050
368
94880
1089
374
94900
1120
388
94920
1149
403
94940
1186
415
94960
1220
430
94980
1257
438
95000
1289
453
95020
1330
462
95040
1360
474
95060
1387
490
95080
1432
507
95100
1473
517
95120
1512
531
95140
1554
539
95160
1603
548
95180
1644
556
95200
1681
560
95220
1708
564
95240
1735
564
95260
1753
563
95280
1773
560
95300
