1588
299
94520
1545
296
94540
1492
289
94560
1447
282
94580
1401
279
94600
1348
269
94620
1304
264
94640
1258
262
94660
1208
253
94680
1164
250
94700
1124
241
94720
1076
238
94740
1036
231
94760
994
230
94780
950
227
94800
907
223
94820
871
219
94840
830
219
94860
789
207
94880
750
199
94900
708
195
94920
675
188
94940
645
183
94960
633
175
94980
618
162
95000
597
148
95020
582
136
95040
574
118
95060
567
106
95080
564
92
95100
563
78
95120
564
65
95140
560
55
95160
