1827
978
94940
1773
964
94960
1721
955
94980
1679
947
95000
1641
941
95020
1591
929
95040
1552
925
95060
1507
924
95080
1453
913
95100
1404
897
95120
1352
893
95140
1295
883
95160
1248
875
95180
1211
876
95200
1178
875
95220
1128
862
95240
1081
853
95260
1028
848
95280
973
839
95300
926
836
95320
875
832
95340
822
819
95360
775
809
95380
724
799
95400
672
789
95420
624
789
95440
566
783
95460
522
772
95480
463
763
95500
417
753
95520
372
742
95540
333
726
95560
288
718
95580
236
704
95600
197
696
95620
157
686
95640
113
674
95660
