1546
1040
94780
1508
993
94800
1446
968
94820
1387
953
94840
1333
929
94860
1303
898
94880
1274
860
94900
1251
823
94920
1229
788
94940
1209
756
94960
1189
726
94980
1161
700
95000
1125
673
95020
1099
641
95040
1072
616
95060
1055
589
95080
1043
566
95100
1034
542
95120
995
524
95140
885
466
95220
852
444
95240
823
426
95260
793
408
95280
770
387
95300
747
366
95320
738
349
95340
726
328
95360
718
318
95380
705
297
95400
687
289
95420
671
276
95440
655
260
95460
648
244
95480
632
234
95500
617
224
95520
613
211
95540
607
197
95560
601
185
95580
593
175
95600
590
163
95620
587
153
95640
586
144
95660
585
130
95680
584
120
95700
576
108
95720
572
97
95740
570
88
95760
567
79
95780
564
67
95800
561
60
95820
