1862
916
94820
1816
886
94840
1764
863
94860
1715
839
94880
1672
815
94900
1627
788
94920
1583
769
94940
1550
752
94960
1517
722
94980
1483
699
95000
1446
676
95020
1415
649
95040
1381
626
95060
1349
609
95080
1311
588
95100
1277
571
95120
1241
551
95140
1206
539
95160
1167
527
95180
1134
506
95200
1100
494
95220
1069
479
95240
1041
463
95260
1010
447
95280
981
437
95300
964
422
95320
949
406
95340
927
383
95360
897
373
95380
877
354
95400
851
345
95420
833
330
95440
811
320
95460
786
307
95480
764
293
95500
739
285
95520
718
270
95540
697
262
95560
676
253
95580
658
242
95600
634
232
95620
618
219
95640
609
211
95660
590
201
95680
587
185
95700
583
176
95720
576
160
95740
574
154
95760
570
143
95780
569
138
95800
570
121
95820
566
112
95840
563
102
95860
562
92
95880
555
83
95900
555
72
95920
553
64
95940
