516
132
94800
511
144
94820
506
156
94840
512
165
94860
511
172
94880
515
184
94900
521
191
94920
521
203
94940
527
210
94960
538
222
94980
551
231
95000
563
244
95020
581
255
95040
606
263
95060
625
271
95080
651
281
95100
667
287
95120
685
301
95140
712
310
95160
738
319
95180
766
327
95200
787
340
95220
803
348
95240
815
357
95260
840
370
95280
858
381
95300
882
390
95320
912
400
95340
933
410
95360
959
421
95380
985
429
95400
1011
436
95420
1046
448
95440
1079
455
95460
1113
463
95480
1148
475
95500
1186
473
95520
1220
485
95540
1254
490
95560
1287
498
95580
1328
507
95600
1361
519
95620
1400
531
95640
1434
547
95660
1473
552
95680
1512
566
95700
1545
563
95720
1579
564
95740
1612
575
95760
1641
578
95780
1673
576
95800
1696
578
95820
1708
575
95840
1723
570
95860
1728
563
95880
1748
560
95900
1779
554
95920
