534
78
94800
532
93
94820
528
90
94840
528
96
94860
518
102
94880
522
114
94900
527
109
94920
514
119
94940
510
136
94960
507
134
94980
506
146
95000
501
148
95020
502
159
95040
509
164
95060
510
169
95080
519
184
95100
525
194
95120
528
201
95140
526
209
95160
532
222
95180
536
231
95200
543
240
95220
549
250
95240
563
256
95260
568
269
95280
585
280
95300
597
288
95320
622
295
95340
635
303
95360
655
313
95380
676
313
95400
697
326
95420
718
334
95440
741
346
95460
757
350
95480
782
361
95500
808
367
95520
828
377
95540
854
386
95560
881
394
95580
907
401
95600
933
414
95620
966
419
95640
991
426
95660
1022
431
95680
1052
433
95700
1078
447
95720
1110
461
95740
1141
461
95760
1167
467
95780
1196
482
95800
1213
496
95820
1224
505
95840
1250
529
95860
1285
537
95880
1317
551
95900
1333
551
95920
1365
560
95940
1398
571
95960
1426
577
95980
1464
585
96000
1488
579
96020
1521
576
96040
1555
580
96060
1592
577
96080
1623
576
96100
1648
581
96120
1677
574
96140
1700
573
96160
1722
574
96180
1737
575
96200
1772
580
96220
