586
153
94800
590
159
94820
603
171
94840
614
183
94860
634
191
94880
658
201
94900
690
218
94920
722
222
94940
747
235
94960
784
247
94980
817
258
95000
850
270
95020
880
280
95040
907
299
95060
939
311
95080
969
323
95100
1004
334
95120
1046
349
95140
1082
358
95160
1114
380
95180
1156
394
95200
1187
408
95220
1229
427
95240
1266
435
95260
1314
454
95280
1349
469
95300
1384
483
95320
1430
488
95340
1469
496
95360
1494
499
95380
1522
510
95400
1555
520
95420
1600
527
95440
1636
537
95460
1679
548
95480
1702
551
95500
1728
555
95520
1759
552
95540
