251
1017
95220
262
989
95240
275
952
95260
292
921
95280
306
891
95300
313
858
95320
324
837
95340
329
801
95360
335
778
95380
341
751
95400
349
731
95420
358
706
95440
365
681
95460
376
658
95480
385
639
95500
404
617
95520
420
597
95540
425
580
95560
438
568
95580
444
548
95600
453
533
95620
457
512
95640
464
499
95660
472
487
95680
476
473
95700
482
454
95720
481
447
95740
485
430
95760
486
424
95780
486
405
95800
487
397
95820
486
383
95840
487
371
95860
487
362
95880
489
354
95900
485
347
95920
478
343
95940
458
336
95960
446
333
95980
439
330
96000
439
330
96060
430
332
96080
422
332
96100
404
329
96120
394
326
96140
387
327
96160
385
327
96180
385
327
96660
364
331
96680
354
330
96700
351
329
97360
355
333
97380
356
339
97400
357
346
97420
353
346
97440
343
347
97460
339
349
97480
346
354
97860
357
354
97880
365
351
97900
385
346
97920
404
347
97940
425
342
97960
452
338
97980
467
334
98000
491
331
98020
504
326
98040
511
323
98060
520
318
98080
522
317
98100
523
321
98120
543
320
98420
558
331
98440
565
340
98460
567
349
98480
567
362
98500
565
374
98520
560
385
98540
562
403
98560
563
417
98580
562
422
98600
562
443
98620
557
458
98640
547
468
98660
540
484
98680
530
497
98700
524
515
98720
525
534
98740
524
544
98760
520
561
98780
525
581
98800
521
595
98820
515
618
98840
508
641
98860
514
649
98880
509
669
98900
506
689
98920
503
708
98940
502
729
98960
484
745
98980
491
764
99000
488
791
99020
494
811
99040
501
832
99060
508
854
99080
510
878
99100
508
903
99120
519
929
99140
522
954
99160
517
982
99180
525
1009
99200
521
1034
99220
517
1065
99240
