394
1011
95080
415
979
95100
435
939
95120
455
911
95140
473
879
95160
496
853
95180
518
823
95200
532
796
95220
547
773
95240
560
744
95260
576
718
95280
586
695
95300
596
673
95320
609
651
95340
631
631
95360
645
613
95380
667
591
95400
678
574
95420
696
560
95440
706
546
95460
716
536
95480
731
526
95500
749
528
95520
765
524
95540
779
521
95560
800
519
95580
789
545
96400
775
544
96500
763
556
96520
754
572
96540
751
599
96560
757
617
96580
776
640
96600
793
658
96620
815
679
96640
848
685
96660
896
700
96680
928
707
96700
967
716
96720
1001
720
96740
1042
731
96760
1067
745
96780
1094
764
96800
1116
792
96820
1128
812
96840
1146
839
96860
1165
861
96880
1188
891
96900
1213
924
96920
1235
947
96940
1260
976
96960
1280
1003
96980
1302
1036
97000
1319
1062
97020
