1868
852
95260
1829
843
95280
1791
833
95300
1759
818
95320
1736
792
95340
1723
769
95360
1712
754
95380
1699
732
95400
1682
704
95420
1673
682
95440
1660
665
95460
1643
648
95480
1635
631
95500
1618
616
95520
1603
601
95540
1595
592
95560
1584
573
95580
1566
564
95600
1539
551
95620
1515
536
95640
1490
523
95660
1468
514
95680
1445
497
95700
1424
489
95720
1416
470
95740
1404
449
95760
1378
444
95780
1361
436
95800
1351
426
95820
1344
414
95840
1331
403
95860
1329
394
95880
1324
386
95900
1314
381
95920
1304
371
95940
1305
357
95960
1292
355
95980
1291
346
96000
1282
334
96020
1273
324
96040
1265
318
96060
1253
309
96080
1245
300
96100
1238
288
96120
1224
280
96140
1216
269
96160
1211
264
96180
1203
258
96200
1202
260
96220
1197
262
96240
1194
256
96260
1192
248
96280
1189
240
96300
1176
232
96320
1164
223
96340
1149
219
96360
1138
210
96380
1126
185
96420
1120
177
96440
1115
166
96460
1117
155
96480
1122
146
96500
1120
138
96520
1120
129
96540
1121
117
96560
1120
105
96580
1117
100
96600
1120
90
96620
1115
83
96640
1099
74
96660
1081
62
96680
1064
61
96700
1035
59
96720
1021
51
96740
1008
41
96760
