1844
831
95760
1784
822
95780
1727
805
95800
1668
788
95820
1621
769
95840
1585
776
95860
1541
774
95880
1501
771
95900
1459
776
95920
1412
773
95940
1368
770
95960
1319
776
95980
1268
779
96000
1215
779
96020
1156
770
96040
1108
765
96060
1055
754
96080
1001
744
96100
947
741
96120
899
732
96140
849
730
96160
810
701
96180
764
687
96200
716
665
96220
678
654
96240
633
638
96260
592
626
96280
554
611
96300
537
586
96320
529
561
96340
524
534
96360
522
513
96380
517
489
96400
519
464
96420
513
445
96440
511
423
96460
503
399
96480
503
387
96500
512
370
96520
515
352
96540
524
335
96560
531
321
96580
538
303
96600
538
290
96620
546
269
96640
547
257
96660
545
238
96680
546
230
96700
550
215
96720
560
198
96740
562
185
96760
569
178
96780
576
165
96800
571
149
96820
570
137
96840
564
127
96860
565
111
96880
567
101
96900
567
89
96920
573
83
96940
576
74
96960
577
63
96980
