205
1035
95720
228
970
95740
242
915
95760
252
860
95780
251
816
95800
250
774
95820
254
736
95840
251
699
95860
232
672
95880
227
648
95900
244
626
95920
282
603
95940
329
589
95960
384
567
95980
422
542
96000
465
514
96020
505
485
96040
547
456
96060
593
426
96080
634
400
96100
674
377
96120
712
354
96140
739
328
96160
760
301
96180
778
280
96200
801
257
96220
823
236
96240
835
216
96260
858
199
96280
866
181
96300
871
179
96320
865
179
96340
858
182
96360
841
186
96380
