1853
905
95400
1806
881
95420
1753
851
95440
1717
829
95460
1686
807
95480
1656
784
95500
1620
768
95520
1599
745
95540
1574
722
95560
1541
703
95580
1511
684
95600
1475
666
95620
1444
645
95640
1426
622
95660
1394
601
95680
1374
587
95700
1360
558
95720
1351
544
95740
1334
522
95760
1324
506
95780
1307
487
95800
1297
472
95820
1282
455
95840
1273
436
95860
1257
427
95880
1243
417
95900
1237
400
95920
1234
378
95940
1229
366
95960
1226
351
95980
1219
334
96000
1215
323
96020
1199
309
96040
1188
298
96060
1178
288
96080
1166
275
96100
1153
265
96120
1147
253
96140
1137
238
96160
1136
230
96180
1132
214
96200
1129
202
96220
1122
193
96240
1119
177
96260
1117
166
96280
1116
155
96300
1116
144
96320
1116
134
96340
1118
119
96360
1118
110
96380
1118
97
96400
1116
89
96420
1119
75
96440
1108
70
96460
1089
61
96480
1064
52
96500
1037
49
96520
1021
45
96540
