188
635
95720
237
640
95740
285
645
95760
336
641
95780
391
645
95800
446
644
95820
492
649
95840
537
651
95860
580
661
95880
636
670
95900
679
673
95920
729
683
95940
784
688
95960
835
693
95980
885
691
96000
936
693
96020
990
699
96040
1039
704
96060
1091
700
96080
1134
696
96100
1162
684
96120
1193
673
96140
1236
665
96160
1289
667
96180
1328
666
96200
1382
664
96220
1423
667
96240
1469
669
96260
1506
678
96280
1528
671
96300
1562
663
96320
1592
674
96340
1630
679
96360
1666
674
96380
1704
675
96400
1732
669
96420
1762
670
96440
