1582
371
95580
1548
368
95600
1512
370
95620
1477
362
95640
1444
352
95660
1412
342
95680
1383
328
95700
1351
318
95720
1325
307
95740
1295
293
95760
1269
285
95780
1243
273
95800
1221
260
95820
1202
248
95840
1187
234
95860
1173
224
95880
1157
212
95900
1149
196
95920
1129
184
95940
1123
165
95960
1116
158
95980
1114
147
96000
1117
137
96020
1117
129
96040
1120
123
96060
1119
112
96080
1112
105
96100
1114
93
96120
1112
84
96140
1106
73
96160
1101
63
96180
1083
59
96200
1063
56
96220
1037
47
96240
