215
575
95720
247
568
95740
281
569
95760
308
563
95780
314
571
95800
329
580
95820
344
586
95840
345
591
95860
358
592
95880
372
601
95900
382
605
95920
401
606
95940
411
611
95960
427
611
95980
445
610
96000
464
608
96020
484
602
96040
498
595
96060
511
592
96080
528
588
96100
543
592
96120
559
589
96140
571
586
96160
584
590
96180
595
593
96200
609
600
96220
620
606
96240
636
608
96260
646
613
96280
651
629
96300
661
639
96320
663
648
96340
664
655
96360
675
660
96380
682
678
96400
686
680
96420
697
690
96440
704
694
96460
702
703
96480
717
710
96500
718
716
96520
715
723
96540
719
730
96560
719
742
96580
723
746
96600
739
742
96620
744
743
96640
753
743
96660
748
730
96680
758
720
96700
757
715
96720
747
713
96740
741
706
96760
737
699
96780
712
691
96800
707
681
96820
712
671
96840
711
660
96860
708
653
96880
697
645
96900
695
639
96920
683
630
96940
678
624
96960
685
615
96980
677
606
97000
675
602
97020
676
591
97040
665
587
97060
671
582
97080
681
572
97100
685
563
97120
699
556
97140
708
543
97160
730
539
97180
750
534
97200
775
528
97220
790
533
97240
786
528
97260
772
526
97280
765
523
97300
771
516
97320
760
510
97340
756
511
97360
755
506
97380
756
496
97400
755
489
97420
760
480
97440
749
474
97460
751
472
97480
748
470
97500
745
468
97520
748
470
97700
736
470
97720
737
470
97740
725
475
97760
718
473
97780
704
470
97800
689
477
97820
680
476
97840
667
476
97860
650
478
97880
640
473
97900
636
471
97920
618
468
97940
611
459
97960
589
458
97980
583
458
98000
573
458
98020
561
469
98040
543
468
98060
526
472
98080
509
477
98100
495
483
98120
499
492
98140
488
494
98160
487
504
98180
471
510
98200
456
518
98220
449
519
98240
432
524
98260
422
529
98280
405
536
98300
396
533
98320
395
536
98560
402
538
98580
414
547
98600
436
551
98620
455
563
98640
473
580
98660
495
585
98680
519
593
98700
534
601
98720
543
609
98740
552
614
98760
556
618
98780
539
611
98800
543
596
98820
532
589
98840
520
581
98860
505
579
98880
468
580
98900
418
573
98920
368
571
98940
313
567
98960
258
566
98980
200
561
99000
141
557
99020
84
548
99040
26
544
99060
