1590
404
95520
1571
400
95540
1556
407
95560
1559
426
95580
1571
447
95600
1588
465
95620
1607
479
95640
1606
506
95660
1590
512
95680
1570
518
95700
1527
513
95720
1501
515
95740
1454
524
95760
1416
530
95780
1386
546
95800
1360
566
95820
1325
592
95840
1292
613
95860
1263
636
95880
1232
659
95900
1206
690
95920
1184
722
95940
1144
756
95960
1104
780
95980
1061
807
96000
1007
833
96020
961
852
96040
896
869
96060
834
888
96080
772
916
96100
718
945
96120
667
985
96140
615
1011
96160
551
1035
96180
494
1073
96200
