1793
966
95660
1730
954
95680
1663
935
95700
1600
927
95720
1537
916
95740
1465
908
95760
1407
899
95780
1339
885
95800
1283
875
95820
1219
854
95840
1163
838
95860
1102
814
95880
1049
788
95900
992
771
95920
936
761
95940
872
755
95960
811
748
95980
755
734
96000
699
722
96020
648
709
96040
596
697
96060
540
679
96080
488
672
96100
435
665
96120
373
658
96140
315
648
96160
266
635
96180
221
620
96200
173
606
96220
125
599
96240
