1564
314
95960
1527
309
95980
1486
301
96000
1446
299
96020
1408
294
96040
1371
288
96060
1337
289
96080
1299
292
96100
1267
291
96120
1227
297
96140
1187
294
96160
1149
290
96180
1112
283
96200
1072
275
96220
1034
266
96240
995
262
96260
956
259
96280
921
253
96300
885
246
96320
848
241
96340
808
238
96360
776
232
96380
739
226
96400
705
217
96420
681
210
96440
653
203
96460
626
193
96480
612
184
96500
614
172
96520
618
161
96540
622
145
96560
625
129
96580
626
118
96600
622
105
96620
615
94
96640
606
83
96660
602
71
96680
590
63
96700
