525
98
96100
521
111
96120
515
122
96140
505
137
96160
500
145
96180
504
160
96200
507
172
96220
507
186
96240
513
206
96260
516
214
96280
524
233
96300
531
253
96320
543
264
96340
548
280
96360
556
296
96380
554
315
96400
556
340
96420
559
358
96440
559
379
96460
558
400
96480
557
418
96500
561
441
96520
562
463
96540
553
486
96560
543
509
96580
533
538
96600
540
564
96620
557
591
96640
569
614
96660
592
638
96680
620
654
96700
649
676
96720
680
707
96740
712
734
96760
748
769
96780
782
790
96800
815
820
96820
852
852
96840
895
884
96860
942
913
96880
996
950
96900
1050
990
96920
1093
1020
96940
1145
1061
96960
