552
87
96280
553
97
96300
556
109
96320
559
117
96340
559
128
96360
547
143
96380
540
156
96400
540
170
96420
546
182
96440
558
196
96460
570
208
96480
587
222
96500
607
238
96520
624
247
96540
638
259
96560
650
265
96580
662
280
96600
694
289
96620
719
299
96640
740
313
96660
762
330
96680
782
347
96700
806
363
96720
842
382
96740
877
395
96760
906
413
96780
925
434
96800
938
455
96820
953
479
96840
980
498
96860
1010
513
96880
1036
524
96900
1065
542
96920
1094
560
96940
1107
585
96960
1125
617
96980
1146
642
97000
1176
668
97020
1191
695
97040
1212
724
97060
1235
755
97080
1265
787
97100
1301
815
97120
1342
843
97140
1368
879
97160
1391
918
97180
1425
959
97200
1463
1001
97220
1501
1047
97240
