506
117
95940
506
127
95960
507
139
95980
507
155
96000
513
160
96020
513
176
96040
515
194
96060
524
204
96080
524
219
96100
525
233
96120
519
250
96140
523
272
96160
523
282
96180
530
298
96200
547
313
96220
557
332
96240
572
350
96260
587
363
96280
604
385
96300
619
401
96320
632
422
96340
647
441
96360
656
473
96380
667
495
96400
677
511
96420
689
534
96440
703
559
96460
727
588
96480
743
621
96500
768
639
96520
793
665
96540
818
695
96560
845
724
96580
884
749
96600
913
771
96620
939
811
96640
967
844
96660
1002
881
96680
1042
915
96700
1080
953
96720
1121
993
96740
1159
1036
96760
