1336
1038
96680
1317
1006
96700
1295
971
96720
1270
934
96740
1248
901
96760
1226
867
96780
1207
835
96800
1190
805
96820
1171
777
96840
1156
751
96860
1138
723
96880
1114
699
96900
1090
677
96920
1065
653
96940
1041
636
96960
1026
620
96980
1021
605
97000
1012
601
97020
1009
598
97040
1014
598
97060
999
596
97080
1000
595
97100
1013
597
97120
1014
597
97140
1011
597
97160
1010
596
98960
1019
600
98980
1010
598
99120
1026
599
99900
1030
597
100140
1042
593
100160
1077
590
100180
1114
590
100200
1159
598
100220
1208
598
100240
1250
601
100260
1295
599
100280
1342
605
100300
1388
600
100320
1429
596
100340
1471
596
100360
1516
596
100380
1560
596
100400
1599
600
100420
1645
604
100440
1691
607
100460
1729
613
100480
1767
614
100500
