1057
152
96600
1057
169
96620
1055
181
96640
1049
188
96660
1041
193
96680
1029
195
96700
1028
201
96800
1031
215
96820
1038
229
96840
1043
237
96860
1040
247
96880
1039
257
96900
1040
273
96920
1039
290
96940
1038
295
96960
1024
307
96980
1011
315
97000
1005
326
97020
1006
328
97040
1009
339
97260
1019
346
97280
1041
347
97300
1060
354
97320
1083
362
97340
1102
375
97360
1106
392
97380
1113
402
97400
1123
419
97420
1131
434
97440
1133
444
97460
1123
457
97480
1102
464
97500
1084
470
97520
1070
471
97540
1064
473
97560
1063
466
97600
1065
453
97620
1083
440
97640
1114
437
97660
1144
429
97680
1171
420
97700
1198
417
97720
1223
406
97740
1239
388
97760
1252
373
97780
1259
350
97800
1265
339
97820
1270
319
97840
1272
302
97860
1276
284
97880
1276
265
97900
1279
257
97920
1279
235
97940
1284
223
97960
1285
207
97980
1294
191
98000
1299
176
98020
1295
171
98040
1295
155
98060
1294
140
98080
1294
127
98100
1294
115
98120
1293
103
98140
1289
95
98160
1287
82
98180
1282
76
98200
1281
64
98220
