281
1020
96860
323
979
96880
373
946
96900
411
911
96920
456
874
96940
502
846
96960
540
812
96980
574
780
97000
615
758
97020
655
734
97040
699
716
97060
749
706
97080
802
697
97100
845
686
97120
882
677
97140
908
670
97160
928
665
97180
941
656
97200
937
655
97220
933
647
97240
928
651
97380
906
650
97400
872
650
97420
826
648
97440
790
637
97460
759
622
97480
735
600
97500
721
578
97520
718
553
97540
708
528
97560
680
509
97580
662
488
97600
641
464
97620
626
447
97640
608
427
97660
590
407
97680
570
389
97700
551
376
97720
528
357
97740
512
343
97760
495
332
97780
473
320
97800
456
306
97820
441
305
97840
429
298
97860
416
298
97880
411
303
98040
407
302
98060
389
304
98280
370
302
98300
357
304
98320
368
303
99340
366
306
99360
391
309
99380
416
313
99400
457
323
99420
488
337
99440
509
351
99460
526
371
99480
546
388
99500
557
410
99520
562
430
99540
563
453
99560
552
478
99580
548
501
99600
550
521
99620
565
543
99640
578
566
99660
598
591
99680
616
614
99700
641
641
99720
668
667
99740
705
684
99760
751
699
99780
800
711
99800
847
726
99820
893
744
99840
930
764
99860
966
780
99880
1005
795
99900
1037
818
99920
1064
845
99940
1080
869
99960
1117
901
99980
1160
921
100000
1211
950
100020
1256
976
100040
1289
1009
100060
1322
1048
100080
