581
177
97700
587
182
97720
608
196
97740
628
205
97760
642
221
97780
659
239
97800
682
254
97820
718
268
97840
751
281
97860
784
298
97880
827
310
97900
861
321
97920
895
336
97940
934
351
97960
976
369
97980
1014
382
98000
1059
399
98020
1093
419
98040
1131
438
98060
1176
453
98080
1222
470
98100
1271
490
98120
1309
502
98140
1361
519
98160
1396
522
98180
1443
531
98200
1486
538
98220
1533
550
98240
1589
563
98260
1646
579
98280
1704
591
98300
1759
604
98320
