1762
1028
97720
1717
979
97740
1678
940
97760
1646
894
97780
1613
859
97800
1574
821
97820
1536
787
97840
1498
752
97860
1464
720
97880
1430
690
97900
1404
660
97920
1381
630
97940
1361
598
97960
1336
571
97980
1305
549
98000
1292
520
98020
1287
493
98040
1270
466
98060
1255
447
98080
1242
428
98100
1227
403
98120
1216
384
98140
1197
362
98160
1188
347
98180
1169
323
98200
1149
307
98220
1139
286
98240
1134
265
98260
1128
251
98280
1129
235
98300
1119
218
98320
1116
204
98340
1107
189
98360
1101
171
98380
1097
156
98400
1095
142
98420
1094
129
98440
1095
113
98460
1094
96
98480
1093
87
98500
1084
72
98520
1066
62
98540
1040
56
98560
1018
43
98580
