399
1028
97260
423
1049
97280
460
927
97300
483
886
97320
496
844
97340
516
801
97360
530
765
97380
538
725
97400
552
691
97420
565
657
97440
564
625
97460
559
589
97480
561
563
97500
570
535
97520
588
511
97540
601
484
97560
624
463
97580
634
437
97600
637
417
97620
639
391
97640
644
373
97660
653
350
97680
662
332
97700
670
312
97720
678
294
97740
689
275
97760
702
259
97780
702
243
97800
705
231
97820
715
217
97840
727
200
97860
738
182
97880
746
166
97900
750
146
97920
748
135
97940
756
117
97960
756
107
97980
756
95
98000
762
82
98020
764
66
98040
781
60
98060
797
53
98080
809
41
98100
