1213
106
97120
1206
119
97140
1206
123
97160
1202
141
97180
1200
152
97200
1195
164
97220
1190
179
97240
1187
194
97260
1184
208
97280
1180
219
97300
1174
232
97320
1167
245
97340
1160
260
97360
1161
274
97380
1181
283
97400
1181
304
97420
1181
320
97440
1176
337
97460
1177
354
97480
1183
373
97500
1196
386
97520
1213
403
97540
1216
425
97560
1214
444
97580
1210
465
97600
1213
474
97620
1204
500
97640
1195
526
97660
1179
547
97680
1162
571
97700
1148
596
97720
1126
619
97740
1108
646
97760
1090
675
97780
1065
702
97800
1042
730
97820
1018
762
97840
995
794
97860
968
829
97880
944
855
97900
930
886
97920
907
919
97940
882
962
97960
851
997
97980
804
1028
98000
764
1062
98020
