620
179
98140
639
197
98160
671
207
98180
694
218
98200
725
231
98220
754
243
98240
783
253
98260
813
266
98280
842
277
98300
872
290
98320
903
304
98340
935
314
98360
966
329
98380
993
342
98400
1022
360
98420
1052
376
98440
1086
390
98460
1119
406
98480
1155
419
98500
1192
433
98520
1228
446
98540
1267
460
98560
1309
471
98580
1352
480
98600
1390
491
98620
1431
493
98640
1471
510
98660
1512
527
98680
1545
538
98700
1590
548
98720
1635
553
98740
1674
555
98760
1715
552
98780
1758
551
98800
