1807
1020
98200
1770
1027
98220
1727
988
98240
1687
945
98260
1652
904
98280
1621
867
98300
1596
830
98320
1560
795
98340
1531
760
98360
1507
726
98380
1473
657
98400
1445
623
98420
1417
599
98440
1385
573
98460
1359
546
98480
1331
526
98500
1304
509
98520
1269
484
98540
1248
464
98560
1227
437
98580
1225
415
98600
1217
393
98620
1201
368
98640
1184
350
98660
1171
333
98680
1162
311
98700
1149
291
98720
1143
278
98740
1132
262
98760
1124
246
98780
1121
235
98800
1112
216
98820
1114
205
98840
1109
182
98860
1108
156
98880
1113
138
98900
1110
114
98920
1100
94
98940
1087
75
98960
1058
63
98980
1027
57
99000
1003
45
99020
