712
1024
97760
721
1004
97780
770
990
97800
816
983
97820
844
949
97840
876
919
97860
905
883
97880
935
855
97900
966
830
97920
991
798
97940
1015
756
97960
1029
737
97980
1041
704
98000
1057
681
98020
1075
651
98040
1092
639
98060
1095
619
98080
1092
580
98100
1077
558
98120
1071
535
98140
1058
512
98160
1073
499
98180
1088
470
98200
1103
459
98220
1120
391
98240
1136
374
98260
1143
357
98280
1152
340
98300
1155
323
98320
1157
303
98340
1159
293
98360
1166
272
98380
1168
257
98400
1164
251
98420
1169
235
98440
1171
223
98460
1176
215
98480
1182
200
98500
1175
184
98520
1167
178
98540
1166
165
98560
1163
152
98580
1161
142
98600
1158
130
98620
1154
122
98640
1153
111
98660
1154
102
98680
1146
92
98700
1142
83
98720
