633
202
98200
656
216
98220
687
224
98240
720
237
98260
746
245
98280
777
253
98300
804
265
98320
837
276
98340
865
286
98360
899
292
98380
930
308
98400
964
317
98420
994
328
98440
1034
339
98460
1072
353
98480
1103
361
98500
1146
377
98520
1180
389
98540
1211
393
98560
1243
406
98580
1278
422
98600
1313
439
98620
1349
456
98640
1385
474
98660
1421
486
98680
1455
506
98700
1496
528
98720
1545
539
98740
1586
551
98760
1640
557
98780
1684
561
98800
1730
567
98820
1759
565
98840
