872
1038
98140
923
1030
98160
967
1005
98180
1007
979
98200
1045
953
98220
1086
928
98240
1128
904
98260
1171
885
98280
1212
864
98300
1250
845
98320
1275
823
98340
1301
801
98360
1319
778
98380
1351
761
98400
1399
751
98420
1414
728
98440
1453
717
98460
1478
700
98480
1502
688
98500
1522
671
98520
1547
656
98540
1568
636
98560
1593
617
98580
1622
600
98600
1650
583
98620
1682
570
98640
1707
560
98660
1740
553
98680
1769
555
98700
