490
1014
98520
496
979
98540
508
935
98560
512
895
98580
521
855
98600
535
817
98620
544
782
98640
551
749
98660
568
718
98680
576
687
98700
582
659
98720
591
631
98740
594
603
98760
591
576
98780
592
551
98800
595
526
98820
601
501
98840
612
479
98860
618
456
98880
634
436
98900
655
418
98920
672
400
98940
692
383
98960
706
365
98980
708
347
99000
713
311
99020
717
297
99040
721
284
99060
723
269
99080
728
245
99100
732
239
99120
738
224
99140
741
210
99160
743
192
99180
750
178
99200
748
164
99220
748
150
99240
739
133
99260
747
120
99280
747
115
99300
751
103
99320
756
87
99340
755
78
99360
760
67
99380
776
56
99400
789
47
99420
811
33
99440
