1226
92
98320
1209
92
98340
1204
105
98360
1208
103
98380
1213
106
98400
1218
112
98420
1227
144
98440
1221
145
98460
1267
187
98480
1268
208
98500
1275
224
98520
1272
239
98540
1278
258
98560
1286
270
98580
1295
281
98600
1308
306
98620
1315
322
98640
1325
338
98660
1325
359
98680
1340
381
98700
1344
409
98720
1349
429
98740
1351
450
98760
1351
466
98780
1354
500
98800
1372
522
98820
1376
551
98840
1397
577
98860
1407
619
98880
1424
649
98900
1455
682
98920
1488
724
98940
1499
756
98960
1517
782
98980
1532
822
99000
1548
859
99020
1573
899
99040
1599
946
99060
1606
1000
99080
1620
1048
99100
