1150
1052
98600
1115
1054
98620
1038
980
98640
983
957
98660
911
932
98680
845
903
98700
797
862
98720
763
826
98740
728
788
98760
688
749
98780
659
719
98800
635
696
98820
610
656
98840
588
632
98860
575
596
98880
566
561
98900
560
531
98920
551
501
98940
553
476
98960
563
451
98980
562
418
99000
565
399
99020
573
368
99040
566
353
99060
557
331
99080
553
312
99100
548
294
99120
543
272
99140
547
259
99160
546
241
99180
542
223
99200
537
210
99220
530
195
99240
523
175
99260
516
162
99280
509
144
99300
504
135
99320
492
116
99340
493
111
99360
497
99
99380
504
81
99400
520
69
99420
