222
993
98640
226
966
98660
260
970
98680
316
827
98700
351
778
98720
380
738
98740
403
703
98760
426
653
98780
437
623
98800
451
588
98820
479
558
98840
492
517
98860
513
484
98880
530
462
98900
546
427
98920
564
400
98940
590
373
98960
604
349
98980
615
328
99000
629
308
99020
653
284
99040
683
268
99060
695
250
99080
692
232
99100
689
210
99120
691
193
99140
697
174
99160
698
149
99180
699
125
99200
702
108
99220
696
83
99240
708
69
99260
729
57
99280
763
57
99300
799
45
99320
