363
1006
98340
384
1003
98360
409
965
98380
431
928
98400
448
890
98420
464
854
98440
477
825
98460
493
802
98480
512
777
98500
529
749
98520
537
739
98540
540
708
98560
555
676
98580
553
639
98600
556
613
98620
555
588
98640
560
574
98660
563
550
98680
569
530
98700
573
514
98720
587
494
98740
600
479
98760
605
459
98780
609
439
98800
615
422
98820
626
379
98840
642
363
98860
657
346
98880
669
329
98900
671
314
98920
673
302
98940
673
289
98960
675
274
98980
682
267
99000
690
250
99020
702
231
99040
715
223
99060
728
210
99080
732
197
99100
740
189
99120
752
170
99140
751
159
99160
754
147
99180
757
135
99200
758
127
99220
755
114
99240
755
105
99260
753
90
99280
757
82
99300
769
68
99320
784
61
99340
802
46
99360
812
45
99380
