208
1018
99040
244
971
99060
271
923
99080
298
881
99100
322
841
99120
353
797
99140
376
759
99160
392
726
99180
421
692
99200
450
655
99220
472
628
99240
492
593
99260
510
564
99280
527
537
99300
545
511
99320
556
483
99340
571
457
99360
588
437
99380
606
411
99400
612
389
99420
610
368
99440
613
345
99460
613
323
99480
621
304
99500
620
287
99520
627
269
99540
640
249
99560
652
234
99580
660
221
99600
672
203
99620
681
190
99640
691
175
99660
693
152
99680
691
135
99700
701
119
99720
703
99
99740
700
77
99760
715
60
99780
723
56
99800
749
50
99820
776
45
99840
