1332
85
99200
1333
89
99220
1336
103
99240
1342
113
99260
1351
123
99280
1355
136
99300
1360
150
99320
1372
162
99340
1383
173
99360
1396
190
99380
1406
203
99400
1409
215
99420
1414
230
99440
1427
247
99460
1438
256
99480
1444
278
99500
1453
295
99520
1464
313
99540
1474
325
99560
1486
343
99580
1496
368
99600
1510
384
99620
1515
404
99640
1524
424
99660
1547
443
99680
1563
464
99700
1583
482
99720
1601
496
99740
1615
515
99760
1641
525
99780
1666
540
99800
1688
550
99820
1722
564
99840
1753
567
99860
1778
566
99880
