1305
1020
99140
1279
1026
99160
1240
1010
99180
1201
979
99200
1155
972
99220
1119
943
99240
1083
921
99260
1043
896
99280
1000
880
99300
959
857
99320
913
808
99340
877
783
99360
843
769
99380
810
749
99400
789
728
99420
754
718
99440
729
707
99460
696
700
99480
668
687
99500
634
680
99520
600
671
99540
566
658
99560
530
656
99580
495
653
99600
458
644
99620
428
632
99640
394
627
99660
371
618
99680
348
610
99700
313
607
99720
280
607
99740
244
601
99760
211
597
99780
177
588
99800
143
580
99820
107
566
99840
69
565
99860
