1684
1016
98880
1665
964
98900
1640
924
98920
1630
879
98940
1603
840
98960
1579
803
98980
1570
760
99000
1561
726
99020
1558
694
99040
1544
659
99060
1520
628
99080
1499
605
99100
1488
574
99120
1483
549
99140
1474
522
99160
1469
493
99180
1458
472
99200
1440
446
99220
1419
423
99240
1406
400
99260
1388
382
99280
1376
358
99300
1370
339
99320
1365
320
99340
1360
301
99360
1354
286
99380
1347
270
99400
1342
249
99420
1337
236
99440
1331
220
99460
1324
204
99480
1321
190
99500
1315
177
99520
1308
158
99540
1305
150
99560
1296
136
99580
1287
124
99600
1276
109
99620
1268
99
99640
1259
88
99660
1259
76
99680
1259
67
99700
