1397
1031
98800
1358
1004
98820
1313
978
98840
1272
950
98860
1225
923
98880
1179
903
98900
1135
875
98920
1104
854
98940
1062
835
98960
1018
810
98980
975
795
99000
936
773
99020
899
754
99040
866
734
99060
836
711
99080
809
689
99100
786
666
99120
770
644
99140
753
622
99160
745
601
99180
737
576
99200
726
557
99220
720
537
99240
722
515
99260
720
497
99280
716
478
99300
712
462
99320
706
444
99340
694
431
99360
682
412
99380
678
395
99400
674
386
99420
666
372
99440
663
351
99460
663
337
99480
661
324
99500
652
307
99520
638
301
99540
628
288
99560
616
277
99580
600
263
99600
597
250
99620
589
241
99640
579
232
99660
570
217
99680
560
210
99700
556
196
99720
559
186
99740
556
175
99760
554
166
99780
555
156
99800
558
143
99820
556
134
99840
564
127
99860
568
115
99880
569
105
99900
565
98
99920
569
91
99940
570
80
99960
575
73
99980
575
61
100000
579
56
100020
