1200
76
99260
1204
80
99280
1202
85
99300
1190
99
99320
1182
109
99340
1183
120
99360
1180
136
99380
1186
148
99400
1197
164
99420
1197
177
99440
1183
190
99460
1167
196
99480
1148
210
99500
1129
219
99520
1109
228
99540
1091
236
99560
1064
244
99580
1038
261
99600
1013
273
99620
984
289
99640
960
303
99660
938
323
99680
918
338
99700
902
354
99720
889
369
99740
859
386
99760
825
400
99780
794
424
99800
763
450
99820
738
467
99840
714
489
99860
691
509
99880
675
535
99900
656
558
99920
631
585
99940
605
619
99960
574
646
99980
534
677
100000
492
710
100020
457
744
100040
419
782
100060
376
823
100080
332
859
100100
299
904
100120
265
950
100140
224
1002
100160
179
1048
100180
