1707
525
99640
1660
527
99660
1609
521
99680
1562
515
99700
1516
506
99720
1471
504
99740
1423
504
99760
1373
499
99780
1322
491
99800
1274
486
99820
1223
475
99840
1171
471
99860
1124
464
99880
1068
466
99900
1023
469
99920
968
472
99940
915
478
99960
871
478
99980
824
484
100000
772
492
100020
722
496
100040
670
503
100060
621
497
100080
568
506
100100
509
509
100120
458
514
100140
404
519
100160
352
519
100180
295
519
100200
232
522
100220
177
523
100240
120
516
100260
63
518
100280
4
518
100300
