1693
1000
99940
1643
957
99960
1588
918
99980
1543
885
100000
1493
851
100020
1440
811
100040
1396
781
100060
1356
750
100080
1320
717
100100
1284
685
100120
1252
654
100140
1222
627
100160
1185
601
100180
1153
571
100200
1117
550
100220
1079
524
100240
1046
503
100260
1012
481
100280
978
463
100300
947
444
100320
921
426
100340
891
406
100360
866
387
100380
840
368
100400
815
352
100420
786
334
100440
762
318
100460
741
303
100480
712
290
100500
693
272
100520
670
258
100540
648
243
100560
633
232
100580
614
216
100600
607
200
100620
600
187
100640
600
174
100660
592
156
100680
590
142
100700
594
135
100720
595
120
100740
581
107
100760
579
100
100780
573
90
100800
573
77
100820
574
67
100840
570
54
100860
