1911
864
99660
1852
864
99680
1794
852
99700
1727
827
99720
1673
803
99740
1623
776
99760
1575
753
99780
1530
723
99800
1491
694
99820
1456
666
99840
1417
645
99860
1378
627
99880
1339
597
99900
1302
578
99920
1269
558
99940
1244
533
99960
1216
505
99980
1193
486
100000
1166
467
100020
1136
445
100040
1100
429
100060
1070
411
100080
1036
396
100100
1004
383
100120
980
363
100140
947
349
100160
917
332
100180
881
320
100200
840
310
100220
808
299
100240
776
290
100260
747
278
100280
713
266
100300
686
252
100320
662
240
100340
638
232
100360
615
217
100380
595
207
100400
584
194
100420
575
180
100440
573
168
100460
575
153
100480
578
147
100500
575
134
100520
577
117
100540
575
104
100560
577
88
100580
577
75
100600
577
66
100620
574
56
100640
