741
1005
380
777
974
400
809
938
420
843
905
440
879
875
460
909
845
480
938
813
500
969
783
520
996
755
540
1021
727
560
1048
701
580
1075
675
600
1100
649
620
1118
622
640
1130
597
660
1146
570
680
1167
550
700
1179
525
720
1188
504
740
1195
480
760
1204
461
780
1215
442
800
1227
424
820
1239
404
840
1251
388
860
1256
361
880
1265
349
900
1270
329
920
1277
318
940
1281
305
960
1284
286
980
1285
269
1000
1288
255
1020
1290
245
1040
1291
231
1060
1287
219
1080
1291
201
1100
1291
191
1120
1287
177
1140
1289
165
1160
1283
152
1180
1285
142
1200
1287
129
1220
1287
123
1240
1288
108
1260
1291
102
1280
1295
94
1300
1296
79
1320
1290
70
1340
1296
66
1360
