535
81
420
530
95
440
530
104
460
522
116
480
515
130
500
521
159
520
523
175
540
528
182
560
535
193
580
542
204
600
550
219
620
552
218
640
560
232
660
568
243
680
579
257
700
592
268
720
608
283
740
619
292
760
627
308
780
636
320
800
652
332
820
677
339
840
706
344
860
739
348
880
773
348
900
815
317
920
848
318
940
874
319
960
908
314
980
944
320
1000
973
320
1020
1000
325
1040
1024
326
1060
1043
333
1080
1072
336
1100
1090
341
1120
1116
347
1140
1140
348
1160
1147
355
1180
1174
357
1200
1188
350
1220
1203
352
1240
1216
342
1260
1217
342
1280
1221
343
1380
1224
351
1400
1229
358
1420
1222
359
1440
1228
365
1460
1227
366
1480
1227
363
1660
1227
367
1680
1217
372
1700
1201
386
1720
1180
397
1740
1156
404
1760
1132
410
1780
1111
424
1800
1085
435
1820
1056
444
1840
1021
456
1860
988
462
1880
957
469
1900
918
481
1920
862
498
1960
841
505
1980
830
511
2000
839
510
2020
837
508
2040
819
518
2100
809
526
2320
816
516
2340
845
509
2360
864
508
2380
845
514
2500
924
500
2580
939
496
2600
962
491
2620
980
483
2640
1000
476
2660
1025
468
2680
1049
459
2700
1068
449
2720
1091
433
2740
1112
425
2760
1146
412
2780
1164
410
2800
1189
407
2820
1209
393
2840
1231
385
2860
1253
379
2880
1282
373
2900
1317
365
2920
1348
360
2940
1379
351
2960
1408
346
2980
1436
340
3000
1468
339
3020
1502
329
3040
1539
332
3060
1577
329
3080
1612
331
3100
