392
519
0
412
526
20
428
500
40
444
477
60
456
458
80
473
437
100
489
416
120
505
401
140
521
387
160
539
373
180
549
363
200
555
347
220
561
337
240
551
322
260
528
306
280
503
298
300
482
282
320
456
275
340
429
272
360
415
282
380
433
259
400
460
264
420
490
277
440
520
279
460
547
284
480
566
290
500
579
297
520
578
303
540
574
297
560
576
300
720
561
300
740
553
301
760
543
306
780
532
307
800
535
307
1200
534
310
1220
528
305
1240
522
305
1260
508
302
1280
496
300
1300
492
301
1320
488
301
1340
487
302
1360
493
301
1860
488
300
1880
489
300
1900
488
300
1920
487
303
2520
480
303
2540
471
301
2560
461
302
2580
454
299
2600
451
299
2620
449
301
2640
447
301
2660
448
302
3760
448
302
3780
437
303
3800
434
301
3820
435
301
3840
433
296
4420
430
302
4440
428
301
4460
426
299
4480
422
298
4720
399
297
4740
362
300
4760
364
299
5240
376
300
5280
386
286
5300
406
280
5320
431
277
5340
458
277
5360
481
279
5380
506
277
5400
536
278
5420
569
288
5440
608
288
5460
648
291
5480
702
294
5500
753
300
5520
798
305
5540
847
307
5560
895
313
5580
943
317
5600
989
327
5620
1036
327
5640
1083
337
5660
1137
339
5680
1186
345
5700
1242
354
5720
1289
357
5740
1349
368
5760
1400
375
5780
1444
371
5800
1500
378
5820
1547
376
5840
1598
384
5860
