1300
834
0
1297
818
20
1288
794
40
1280
771
60
1278
749
80
1268
727
100
1262
706
120
1263
681
140
1255
662
160
1252
644
180
1254
626
200
1252
608
220
1261
593
240
1266
577
260
1266
559
280
1271
542
300
1270
526
320
1272
508
340
1279
492
360
1284
478
380
1289
462
400
1306
450
420
1324
439
440
1340
426
460
1359
415
480
1377
404
500
1392
395
520
1408
387
540
1424
380
560
1443
375
580
1469
380
600
1495
384
620
1516
385
640
1537
385
660
1552
381
680
1578
387
700
1595
384
720
