565
85
180
567
97
200
569
110
220
575
123
240
583
137
260
594
148
280
607
162
300
619
177
320
636
187
340
665
197
360
689
209
380
722
219
400
750
226
420
782
241
440
802
253
460
831
260
480
860
272
500
892
288
520
932
299
540
958
310
560
993
323
580
1029
336
600
1066
350
620
1107
363
640
1139
375
660
1182
391
680
1215
403
700
1253
420
720
1303
435
740
1345
454
760
1383
466
780
1431
480
800
1477
497
820
1526
516
840
1568
527
860
1612
544
880
1655
567
900
1697
582
920
1744
600
940
1790
613
960
