284
1024
1200
318
1021
1220
309
1004
1240
320
968
1260
318
929
1280
329
890
1300
344
854
1320
341
829
1340
350
795
1360
368
765
1380
370
738
1400
379
710
1420
393
693
1440
398
658
1460
410
629
1480
420
599
1500
430
575
1520
443
558
1540
453
534
1560
459
513
1580
465
494
1600
475
471
1620
488
454
1640
505
444
1660
514
421
1680
525
393
1700
539
372
1720
546
360
1740
553
345
1760
544
337
1780
547
326
1800
536
330
1820
544
320
1840
542
313
1860
544
311
1880
550
312
1900
539
312
1920
541
311
1940
540
306
2540
540
306
2560
542
308
2580
525
306
2600
513
301
2620
506
304
2640
498
305
2660
499
306
2680
500
305
3260
501
309
3280
499
307
3300
499
308
3320
500
308
3340
500
308
3360
496
310
3380
496
310
3420
480
317
3440
465
326
3460
449
328
3480
439
326
3500
433
331
3520
435
325
3540
434
322
4140
432
326
4160
426
324
4180
412
324
4200
411
328
4220
401
329
4240
401
330
4260
406
329
4280
408
325
4780
406
326
4800
402
329
4820
393
325
4840
387
326
4860
383
325
4880
385
322
4900
387
321
4920
385
323
5600
385
326
5620
375
323
5640
363
324
5660
347
327
5680
351
328
6040
352
332
6060
357
336
6080
352
342
6100
359
351
6120
347
364
6140
341
377
6160
331
387
6180
336
398
6200
328
407
6220
341
414
6240
356
420
6260
383
426
6280
415
432
6300
438
443
6320
465
453
6340
477
462
6360
499
474
6380
518
490
6400
526
510
6420
545
524
6440
562
539
6460
577
556
6480
597
570
6500
614
584
6520
638
606
6540
668
616
6560
702
630
6580
733
643
6600
759
652
6620
794
672
6640
833
677
6660
864
689
6680
895
701
6700
939
709
6720
967
718
6740
999
739
6760
1025
754
6780
1073
765
6800
1108
778
6820
1150
794
6840
1195
800
6860
1211
812
6880
1217
831
6900
1239
848
6920
1283
855
6940
1327
876
6960
1373
889
6980
1417
910
7000
1464
927
7020
1511
938
7040
1553
955
7060
1602
971
7080
1655
985
7100
1707
998
7120
1766
1005
7140
1817
1016
7160
1873
1029
7180
