1549
1031
1080
1534
1001
1100
1499
975
1120
1479
962
1140
1453
915
1160
1428
873
1180
1412
763
1200
1362
692
1240
1348
665
1260
1333
626
1280
1325
594
1300
1308
565
1320
1290
535
1340
1282
507
1360
1260
481
1380
1246
457
1400
1231
427
1420
1218
408
1440
1200
388
1460
1187
367
1480
1180
342
1500
1174
325
1520
1163
302
1540
1155
287
1560
1145
269
1580
1131
250
1600
1124
239
1620
1117
224
1640
1113
205
1660
1107
191
1680
1102
174
1700
1100
164
1720
1099
151
1740
1093
139
1760
1094
119
1780
1094
113
1800
1098
106
1820
1100
96
1840
1092
80
1860
1085
74
1880
1062
65
1900
1038
55
1920
1019
53
1940
1004
46
1960
