575
107
4160
585
124
4180
588
140
4200
599
158
4220
611
172
4240
630
189
4260
643
205
4280
662
221
4300
684
242
4320
704
256
4340
736
277
4360
761
291
4380
795
315
4400
825
331
4420
861
347
4440
893
366
4460
930
388
4480
969
414
4500
1002
435
4520
1036
448
4540
1073
475
4560
1109
505
4580
1144
533
4600
1186
564
4620
1228
591
4640
1287
616
4660
1335
639
4680
1390
672
4700
1450
703
4720
1515
734
4740
1578
760
4760
1647
786
4780
1724
804
4800
1803
825
4820
1878
834
4840
