509
97
4960
509
109
4980
507
118
5000
503
128
5020
501
142
5040
499
161
5060
495
172
5080
499
182
5100
500
200
5120
498
212
5140
499
223
5160
500
244
5180
500
252
5200
502
273
5220
507
286
5240
510
288
5260
504
296
5280
511
303
5300
497
299
5320
485
305
5340
475
304
5360
463
300
5380
451
298
5400
448
297
5420
447
298
5680
439
298
5700
436
300
5720
439
302
5740
433
302
5760
439
301
5780
441
299
5800
441
300
5860
437
300
5880
424
300
5900
414
299
5920
409
298
5940
411
300
5960
412
298
6640
408
296
7340
389
298
7360
369
301
7380
361
309
8140
370
309
8160
377
317
8180
405
309
8200
430
314
8220
463
325
8240
474
327
8260
487
352
8280
502
364
8300
520
379
8320
534
395
8340
557
413
8360
573
430
8380
591
450
8400
599
469
8420
613
482
8440
631
490
8460
650
500
8480
670
505
8500
685
522
8520
695
531
8540
704
530
8560
723
535
8580
740
551
8600
755
566
8620
778
581
8640
766
574
8800
773
559
8820
779
538
8840
804
523
8860
837
506
8880
870
500
8900
876
479
9080
870
461
9100
860
444
9120
838
431
9140
821
411
9160
795
398
9180
770
390
9200
748
374
9220
724
362
9240
701
352
9260
682
340
9280
672
328
9300
658
320
9320
654
311
9340
644
304
9360
654
301
9380
642
307
9600
642
298
9620
654
297
9640
674
289
9660
704
287
9680
737
283
9700
761
276
9720
782
260
9740
802
252
9760
821
240
9780
832
229
9800
840
214
9820
858
204
9840
877
196
9860
897
186
9880
914
178
9900
921
174
9920
920
176
9940
915
181
9960
919
180
9980
928
185
10000
941
180
10020
958
170
10040
987
168
10060
