1717
519
5240
1688
521
5260
1662
528
5280
1629
534
5300
1604
543
5320
1579
553
5340
1552
561
5360
1517
580
5380
1486
586
5400
1457
597
5420
1432
608
5440
1412
626
5460
1386
638
5480
1347
656
5500
1326
667
5520
1290
685
5540
1253
701
5560
1216
715
5580
1184
735
5600
1140
752
5620
1108
778
5640
1070
809
5660
1029
827
5680
999
856
5700
970
886
5720
932
924
5740
901
951
5760
858
994
5780
817
1025
5800
762
1053
5820
