588
103
5300
588
114
5320
594
121
5340
591
133
5360
585
141
5380
592
155
5400
598
166
5420
607
173
5440
619
186
5460
626
200
5480
640
211
5500
661
219
5520
684
228
5540
698
243
5560
718
253
5580
736
264
5600
754
277
5620
776
289
5640
798
299
5660
825
312
5680
858
322
5700
887
334
5720
910
345
5740
937
359
5760
974
372
5780
1008
383
5800
1040
398
5820
1076
407
5840
1115
417
5860
1153
428
5880
1189
442
5900
1224
459
5920
1263
470
5940
1301
488
5960
1336
501
5980
1376
520
6000
1412
533
6020
1448
553
6040
1481
576
6060
1526
585
6080
1564
602
6100
1611
617
6120
1649
630
6140
1700
642
6160
1749
657
6180
