507
130
5840
501
155
5860
503
170
5880
505
179
5900
504
191
5920
503
203
5940
502
219
5960
504
232
5980
506
238
6000
505
256
6020
494
265
6040
478
276
6060
476
286
6080
470
292
6100
464
301
6120
456
300
6140
456
303
6160
455
303
6180
455
303
6200
454
303
6220
455
303
6240
455
304
6260
454
299
6280
458
296
6300
456
296
6320
451
283
7360
445
285
7400
431
280
7420
423
282
7440
418
278
7460
417
282
8200
413
283
8220
402
285
8240
383
276
8260
378
281
9020
397
271
9040
407
265
9060
399
261
9080
395
263
9100
389
259
9120
388
259
9320
403
258
9340
417
255
9360
438
257
9380
461
263
9400
483
268
9420
500
280
9440
518
287
9460
535
296
9480
536
300
9500
541
319
9520
544
325
9540
541
333
9560
533
336
9580
535
338
9600
529
342
9620
530
347
9640
522
355
9660
532
365
9680
542
380
9700
549
394
9720
555
406
9740
580
425
9760
593
440
9780
609
453
9800
634
467
9820
666
481
9840
690
500
9860
708
516
9880
735
528
9900
757
537
9920
756
537
9940
764
548
9960
780
560
9980
790
559
10000
790
554
10020
789
555
10040
789
553
10120
797
553
10140
920
493
11340
925
485
11360
938
479
11380
941
475
11400
947
469
11420
947
466
11440
955
468
11460
957
463
11480
956
465
11640
952
459
11700
958
454
11720
954
454
11740
950
448
11760
958
441
11780
952
426
11800
939
408
11820
919
394
11840
918
376
11860
901
364
11880
884
351
11900
880
338
11920
883
326
11940
888
319
11960
876
307
11980
861
292
12000
837
275
12020
822
267
12040
797
258
12060
766
247
12080
743
235
12100
716
230
12120
694
220
12140
666
210
12160
646
203
12180
633
194
12200
635
182
12220
638
170
12240
631
159
12260
629
149
12280
637
140
12300
639
128
12320
641
114
12340
638
106
12360
638
94
12380
639
87
12400
636
76
12420
635
73
12440
