606
77
5460
604
93
5480
603
103
5500
601
113
5520
603
123
5540
606
127
5560
607
141
5580
606
152
5600
621
169
5620
624
179
5640
631
184
5660
641
196
5680
662
212
5700
677
217
5720
691
227
5740
712
239
5760
728
251
5780
748
265
5800
764
274
5820
775
290
5840
795
303
5860
817
316
5880
841
325
5900
865
336
5920
895
349
5940
920
368
5960
939
389
5980
961
404
6000
989
417
6020
1020
434
6040
1049
452
6060
1066
468
6080
1098
485
6100
1116
505
6120
1142
529
6140
1165
547
6160
1195
573
6180
1226
591
6200
1249
620
6220
1276
646
6240
1302
668
6260
1327
691
6280
1348
723
6300
1376
755
6320
1405
786
6340
1434
815
6360
1467
844
6380
1503
882
6400
1540
910
6420
1574
942
6440
1611
977
6460
1657
1017
6480
1703
1051
6500
