615
131
5360
612
143
5380
614
154
5400
622
171
5420
640
187
5440
662
201
5460
681
212
5480
707
225
5500
733
241
5520
756
253
5540
784
266
5560
801
280
5580
822
299
5600
847
319
5620
873
333
5640
899
351
5660
930
370
5680
952
393
5700
977
414
5720
1004
436
5740
1033
457
5760
1061
482
5780
1089
512
5800
1117
534
5820
1155
567
5840
1198
594
5860
1240
623
5880
1284
648
5900
1332
687
5920
1377
717
5940
1431
741
5960
1482
772
5980
1542
805
6000
1601
835
6020
1671
859
6040
1741
889
6060
1806
915
6080
1879
944
6100
