601
84
5020
598
101
5040
598
112
5060
598
123
5080
598
135
5100
600
149
5120
604
162
5140
608
173
5160
622
189
5180
631
203
5200
637
210
5220
656
225
5240
668
240
5260
679
255
5280
691
275
5300
710
291
5320
722
302
5340
747
321
5360
774
336
5380
799
351
5400
819
366
5420
854
388
5440
884
404
5460
913
423
5480
936
443
5500
964
465
5520
977
489
5540
991
516
5560
1013
542
5580
1038
571
5600
1063
600
5620
1079
629
5640
1106
660
5660
1129
692
5680
1155
727
5700
1175
752
5720
1208
791
5740
1242
825
5760
1280
867
5780
1312
912
5800
1345
952
5820
1375
991
5840
1416
1040
5860
