583
73
5060
581
81
5080
588
93
5100
589
111
5120
588
118
5140
592
132
5160
594
147
5180
596
155
5200
602
168
5220
615
187
5240
634
195
5260
664
209
5280
687
220
5300
711
232
5320
745
245
5340
772
256
5360
788
269
5380
812
286
5400
840
302
5420
871
317
5440
891
330
5460
916
351
5480
944
370
5500
970
392
5520
995
408
5540
1015
432
5560
1037
453
5580
1062
476
5600
1102
500
5620
1140
521
5640
1171
545
5660
1215
570
5680
1247
598
5700
1295
623
5720
1336
648
5740
1379
675
5760
1420
703
5780
1461
724
5800
1512
758
5820
1576
783
5840
1637
807
5860
1693
839
5880
1752
870
5900
1822
883
5920
1883
916
5940
