512
137
6080
529
169
6100
542
168
6120
550
165
6140
568
172
6160
578
186
6180
597
193
6200
616
197
6220
635
207
6240
666
213
6260
696
214
6280
729
222
6300
759
235
6320
795
238
6340
824
243
6360
858
249
6380
892
255
6400
922
264
6420
960
265
6440
996
272
6460
1030
274
6480
1063
286
6500
1098
294
6520
1138
296
6540
1171
295
6560
1208
308
6580
1237
315
6600
1274
327
6620
1312
335
6640
1341
343
6660
1373
350
6680
1412
361
6700
1444
369
6720
1483
378
6740
1519
390
6760
1561
399
6780
1604
405
6800
