1302
75
7540
1286
71
7560
1284
72
7580
1284
72
7600
1284
72
7620
1285
71
7640
1283
103
7660
1281
110
7680
1283
115
7700
1285
120
7720
1284
125
7740
1281
132
7760
1272
136
7780
1272
139
7800
1269
144
7820
1265
154
7840
1260
164
7860
1258
174
7880
1262
176
7900
1261
185
7920
1258
194
7940
1247
202
7960
1240
210
7980
1226
207
8000
1213
218
8020
1201
226
8040
1189
235
8060
1185
241
8080
1182
245
8100
1182
251
8120
1176
264
8140
1160
270
8160
1144
275
8180
1128
275
8200
1121
283
8220
1108
293
8240
1099
296
8260
1087
305
8280
1072
312
8300
1056
312
8320
1041
322
8340
1023
328
8360
1003
326
8380
985
339
8400
969
345
8420
952
349
8440
938
356
8460
931
365
8480
921
372
8500
913
381
8520
900
389
8540
895
399
8560
886
404
8580
879
411
8600
859
422
8620
852
432
8640
837
441
8660
823
454
8680
810
464
8700
797
474
8720
778
486
8740
764
499
8760
747
507
8780
725
517
8800
710
529
8820
686
535
8840
665
552
8860
656
558
8880
631
570
8900
621
580
8920
606
595
8940
596
608
8960
570
628
8980
560
634
9000
535
648
9020
520
660
9040
500
677
9060
483
689
9080
466
701
9100
458
725
9120
446
737
9140
431
753
9160
416
772
9180
397
789
9200
392
804
9220
381
808
9240
379
808
9280
368
827
9300
349
841
9320
336
859
9340
310
881
9360
292
898
9380
274
923
9400
246
949
9420
235
972
9440
202
992
9460
191
1023
9480
190
1048
9500
