1519
175
7960
1500
178
7980
1490
186
8000
1482
196
8020
1467
201
8040
1452
209
8060
1437
223
8080
1434
233
8100
1426
245
8120
1411
255
8140
1414
271
8160
1404
282
8180
1401
290
8200
1389
302
8220
1384
314
8240
1394
329
8260
1388
345
8280
1375
359
8300
1359
372
8320
1353
389
8340
1337
403
8360
1316
415
8380
1302
428
8400
1293
443
8420
1286
463
8440
1274
484
8460
1276
501
8480
1267
513
8500
1256
533
8520
1233
550
8540
1222
568
8560
1189
583
8580
1170
606
8600
1152
629
8620
1133
643
8640
1096
662
8660
1080
693
8680
1049
719
8700
1021
736
8720
986
758
8740
948
782
8760
907
806
8780
874
819
8800
835
845
8820
782
867
8840
750
891
8860
697
911
8880
658
942
8900
618
973
8920
570
1006
8940
527
1033
8960
