1873
836
8400
1814
833
8420
1753
819
8440
1694
800
8460
1632
783
8480
1583
761
8500
1522
756
8520
1448
757
8540
1388
747
8560
1319
728
8580
1260
723
8600
1195
710
8620
1129
708
8640
1076
697
8660
1020
690
8680
965
684
8700
911
677
8720
855
665
8740
810
649
8760
767
620
8780
741
600
8800
721
575
8820
711
554
8840
704
526
8860
672
509
8880
647
488
8900
610
473
8920
588
451
8940
568
432
8960
547
406
8980
526
384
9000
505
373
9020
495
361
9040
476
348
9060
457
332
9080
450
328
9100
445
326
9120
450
326
9140
455
325
9500
442
321
9520
439
318
9540
438
327
10400
435
328
10420
425
330
10440
411
327
10460
398
325
11660
396
324
11680
391
327
11700
383
329
11720
376
327
12520
367
333
12540
363
332
12560
350
328
12580
358
334
12820
351
337
12840
348
345
12860
338
357
12880
339
372
12900
335
386
12920
324
403
12940
313
416
12960
314
427
14320
304
434
14340
298
452
14360
285
475
14380
278
489
14400
276
516
14420
264
540
14440
259
565
14460
248
589
14480
242
618
14500
231
654
14520
221
677
14540
209
713
14560
184
744
14580
166
784
14600
154
817
14620
138
852
14640
116
903
14660
96
943
14680
