769
1016
8600
755
1009
8620
885
922
8640
930
880
8660
975
840
8680
1010
803
8700
1052
765
8720
1092
725
8740
1123
691
8760
1143
653
8780
1174
613
8800
1196
588
8820
1221
557
8840
1234
535
8860
1255
500
8880
1260
464
8900
1265
449
8920
1266
420
8940
1257
392
8960
1251
367
8980
1244
347
9000
1251
325
9020
1257
299
9040
1249
282
9060
1241
265
9080
1228
244
9100
1222
222
9120
1214
208
9140
1207
193
9160
1204
170
9180
1191
158
9200
1184
141
9220
1177
129
9240
1172
114
9260
1166
101
9280
1157
85
9300
1150
74
9320
