1484
237
8840
1467
249
8860
1454
257
8880
1438
268
8900
1425
276
8920
1427
280
8940
1407
297
8960
1402
303
8980
1390
319
9000
1372
331
9020
1370
342
9040
1358
351
9060
1346
370
9080
1331
385
9100
1321
396
9120
1309
410
9140
1296
424
9160
1283
437
9180
1277
456
9200
1255
467
9220
1254
481
9240
1237
510
9260
1232
520
9280
1222
539
9300
1209
555
9320
1194
576
9340
1191
602
9360
1185
615
9380
1158
631
9400
1125
656
9420
1103
667
9440
1071
690
9460
1043
708
9480
1018
730
9500
979
754
9520
950
773
9540
908
798
9560
878
816
9580
848
833
9600
791
845
9620
774
874
9640
723
906
9660
692
931
9680
651
961
9700
610
988
9720
570
1012
9740
529
1044
9760
