1356
85
9300
1342
74
9320
1353
74
9340
1340
69
9360
1340
67
9380
1363
122
9400
1364
132
9420
1366
146
9440
1368
150
9460
1373
160
9480
1362
176
9500
1367
190
9520
1360
201
9540
1359
209
9560
1363
227
9580
1352
235
9600
1342
244
9620
1337
258
9640
1329
271
9660
1318
282
9680
1303
297
9700
1299
308
9720
1287
326
9740
1275
345
9760
1264
355
9780
1251
370
9800
1237
386
9820
1226
401
9840
1219
418
9860
1220
441
9880
1219
455
9900
1216
480
9920
1211
504
9940
1213
524
9960
1206
542
9980
1193
569
10000
1176
586
10020
1148
608
10040
1118
628
10060
1093
651
10080
1065
671
10100
1037
697
10120
1014
714
10140
993
731
10160
969
762
10180
944
792
10200
907
802
10220
867
822
10240
826
848
10260
784
867
10280
738
897
10300
699
924
10320
663
956
10340
620
990
10360
580
1026
10380
534
1059
10400
