1565
389
9300
1538
423
9320
1491
419
9340
1455
410
9360
1424
357
9380
1401
342
9400
1368
332
9420
1331
315
9440
1301
307
9460
1278
294
9480
1251
280
9500
1222
266
9520
1195
255
9540
1177
246
9560
1157
231
9580
1145
219
9600
1125
208
9620
1112
191
9640
1108
179
9660
1103
169
9680
1111
165
9700
1115
150
9720
1114
135
9740
1114
128
9760
1116
117
9780
1119
109
9800
1119
97
9820
1117
83
9840
1104
74
9860
1093
67
9880
1072
62
9900
1048
55
9920
1027
49
9940
