1110
1025
9560
1060
988
9580
1007
954
9600
955
925
9620
912
897
9640
859
854
9660
822
837
9680
789
818
9700
755
780
9720
714
751
9740
694
724
9760
666
686
9780
665
666
9800
660
637
9820
648
610
9840
639
590
9860
637
575
9880
636
568
9900
633
557
9920
628
547
9940
621
535
9960
631
529
10020
640
523
10040
651
529
10060
655
545
10080
656
546
10200
654
538
10220
635
521
10240
635
501
10260
622
476
10280
607
466
10300
597
444
10320
585
421
10340
583
408
10360
573
393
10380
557
384
10400
537
368
10420
514
355
10440
496
347
10460
486
344
10480
472
349
11580
472
355
11600
464
375
11620
472
385
11640
470
383
11660
479
382
11740
473
370
11760
470
360
11780
463
351
11800
450
344
11820
443
336
11840
424
345
12620
420
344
12640
413
345
12660
406
348
12800
401
350
12820
399
352
12940
390
350
12960
370
348
12980
347
350
13000
363
359
16380
372
373
16400
379
381
16420
390
389
16440
416
402
16460
447
398
16480
473
399
16500
497
397
16520
527
395
16540
553
413
16560
553
422
16580
549
445
16600
545
454
16620
542
470
16640
536
481
16660
546
496
16680
547
507
16700
561
523
16720
579
535
16740
594
568
16760
616
582
16780
628
603
16800
646
628
16820
662
646
16840
675
675
16860
689
683
16880
718
678
16920
740
671
16940
751
656
16960
757
639
16980
761
621
17000
766
607
17020
778
634
17100
780
654
17120
790
682
17140
807
709
17160
827
734
17180
851
768
17200
880
788
17220
922
808
17240
965
832
17260
996
857
17280
1021
888
17300
1050
919
17320
1073
954
17340
1098
990
17360
1123
1024
17380
1137
1042
17400
1166
1046
17420
1191
1051
17440
1215
1065
17460
