1552
358
11560
1519
368
11580
1482
358
11600
1446
353
11620
1409
346
11640
1372
346
11660
1337
338
11680
1304
331
11700
1265
328
11720
1229
321
11740
1193
313
11760
1162
306
11780
1125
299
11800
1092
291
11820
1058
285
11840
1025
276
11860
991
272
11880
959
264
11900
925
260
11920
894
253
11940
862
249
11960
833
241
11980
805
233
12000
780
229
12020
750
223
12040
714
204
12060
686
192
12080
658
186
12100
639
182
12120
630
170
12140
635
162
12160
642
148
12180
644
137
12200
646
127
12220
647
116
12240
649
107
12260
649
97
12280
651
85
12300
653
76
12320
652
70
12340
