522
132
10740
530
154
10760
538
163
10780
547
172
10800
557
181
10820
569
191
10840
577
199
10860
584
211
10880
590
220
10900
594
229
10920
601
239
10940
603
248
10960
604
260
10980
607
268
11000
607
278
11020
612
286
11040
616
296
11060
615
302
11080
604
313
11100
592
308
11120
578
309
11140
563
312
11160
552
306
11180
542
303
11200
537
298
11220
525
272
12140
517
279
12160
512
280
12180
506
278
12200
507
272
12220
495
271
12620
494
277
12640
491
275
12660
480
273
13120
481
274
13140
470
277
13160
460
275
15220
439
274
15240
414
276
15260
390
278
15280
391
271
16800
411
269
16820
437
260
16840
469
258
16860
496
257
16880
520
260
16900
545
261
16920
564
268
16940
583
275
16960
608
280
16980
621
287
17000
640
293
17020
647
296
17040
665
301
17060
671
310
17080
686
313
17100
700
319
17120
702
325
17140
708
320
17560
713
324
17580
721
325
17600
730
326
18200
738
336
18220
747
338
18240
760
350
18260
770
360
18280
775
373
18300
783
385
18320
793
403
18340
801
421
18360
814
433
18380
831
449
18400
836
466
18420
850
479
18440
873
492
18460
996
533
18720
1010
542
18740
1026
555
18760
1040
559
18780
1033
578
18800
1021
595
18820
1004
605
18840
975
623
19040
969
633
19060
949
645
19080
928
650
19100
891
651
19120
855
647
19140
826
642
19160
792
636
19180
770
625
19200
748
613
19220
740
601
19240
749
590
19260
765
574
19280
783
574
19440
773
568
19460
779
556
19480
770
541
19500
788
523
19520
810
512
19540
841
508
19560
937
503
19620
962
496
19640
980
495
19660
999
495
19680
1017
494
19700
1031
491
19720
1043
485
19740
1066
478
19760
1081
465
19780
1095
463
19800
1090
455
19820
1095
452
19840
1098
454
19860
1094
449
20200
1094
442
20220
1094
445
20240
1094
445
20260
1086
444
20540
1090
434
20560
1087
418
20580
1090
408
20600
1092
394
20620
1088
380
20640
1090
364
20660
1084
349
20680
1080
333
20700
1072
322
20720
1063
305
20740
1059
289
20760
1045
278
20780
1034
266
20800
1030
253
20820
1016
236
20840
1006
224
20860
994
216
20880
988
203
20900
978
186
20920
975
175
20940
968
170
20960
967
172
20980
963
172
21000
963
173
21020
963
176
21040
963
180
21060
972
181
21100
981
180
21120
