1090
1030
12520
1053
1020
12540
1011
979
12560
959
969
12580
926
928
12600
888
901
12620
851
862
12640
821
819
12660
795
772
12680
777
737
12700
757
707
12720
742
681
12740
730
656
12760
720
618
12780
708
609
12800
699
578
12820
687
538
12840
686
498
12860
680
476
12880
673
448
12900
665
450
12920
658
418
12940
653
361
12960
643
338
12980
639
319
13000
623
300
13020
617
278
13040
601
263
13060
590
250
13080
579
228
13100
574
221
13120
563
196
13140
563
186
13160
563
170
13180
564
163
13200
565
142
13220
568
131
13240
566
114
13260
566
104
13280
565
95
13300
562
82
13320
559
66
13340
553
57
13360
557
53
13380
