609
87
12920
613
99
12940
610
110
12960
609
120
12980
610
134
13000
609
142
13020
607
152
13040
618
163
13060
619
173
13080
631
187
13100
646
201
13120
664
210
13140
688
219
13160
713
230
13180
737
242
13200
770
246
13220
792
258
13240
815
268
13260
844
280
13280
869
291
13300
897
301
13320
926
315
13340
956
324
13360
982
339
13380
1012
350
13400
1041
363
13420
1073
379
13440
1103
390
13460
1133
407
13480
1166
422
13500
1200
435
13520
1232
455
13540
1263
467
13560
1295
482
13580
1336
502
13600
1367
517
13620
1410
535
13640
1449
555
13660
1492
568
13680
1528
586
13700
1580
599
13720
1616
620
13740
1665
626
13760
1714
640
13780
1746
658
13800
