592
92
15040
588
102
15060
583
113
15080
579
126
15100
580
139
15120
587
147
15140
588
158
15160
588
168
15180
591
184
15200
595
191
15220
596
209
15240
602
221
15260
613
232
15280
617
246
15300
617
261
15320
612
276
15340
606
290
15360
605
305
15380
609
321
15400
606
340
15420
605
353
15440
598
369
15460
578
385
15480
550
399
15500
521
415
15520
494
434
15540
462
447
15560
426
459
15580
383
474
15600
338
482
15620
294
490
15640
242
494
15660
196
495
15680
143
498
15700
91
497
15720
45
494
15740
4
489
15760
