600
101
15360
595
119
15380
594
132
15400
589
145
15420
582
164
15440
579
177
15460
579
194
15480
597
202
15500
612
214
15520
631
232
15540
654
246
15560
679
263
15580
698
282
15600
727
295
15620
766
302
15640
803
317
15660
844
329
15680
884
346
15700
913
355
15720
945
376
15740
969
400
15760
985
420
15780
1007
442
15800
1035
488
15820
1052
508
15840
1060
525
15860
1062
558
15880
1065
594
15900
1050
620
15920
1027
644
15940
997
668
15960
966
698
15980
957
725
16000
956
758
16020
984
782
16040
1023
799
16060
1073
795
16080
1140
808
16100
1240
880
16120
1373
954
16140
1525
1039
16160
