737
1009
17860
750
999
17880
737
960
17900
728
925
17920
719
890
17940
715
844
17960
708
819
17980
699
788
18000
694
752
18020
690
736
18040
689
698
18060
682
668
18080
678
643
18100
674
619
18120
672
591
18140
673
571
18160
670
549
18180
668
524
18200
665
500
18220
663
478
18240
662
456
18260
659
437
18280
651
416
18300
647
398
18320
640
382
18340
638
353
18360
633
333
18380
622
317
18400
618
301
18420
610
289
18440
606
272
18460
602
260
18480
595
245
18500
586
233
18520
581
220
18540
583
209
18560
578
193
18580
575
180
18600
573
173
18620
570
159
18640
570
151
18660
573
138
18680
575
128
18700
573
119
18720
572
107
18740
570
96
18760
567
89
18780
567
82
18800
568
77
18820
563
62
18840
561
58
18860
