1674
1027
17800
1650
981
17820
1632
931
17840
1612
888
17860
1585
847
17880
1553
808
17900
1519
806
17920
1509
782
17940
1512
730
17960
1512
711
17980
1504
672
18000
1504
642
18020
1485
608
18040
1473
579
18060
1457
552
18080
1443
529
18100
1426
491
18120
1423
463
18140
1421
443
18160
1412
427
18180
1414
400
18200
1406
365
18220
1409
343
18240
1414
320
18260
1420
317
18280
1428
261
18300
1439
245
18320
1450
229
18340
1462
212
18360
1473
204
18380
1488
190
18400
1506
179
18420
