514
95
18720
517
106
18740
522
122
18760
531
134
18780
547
143
18800
562
156
18820
582
167
18840
597
181
18860
629
190
18880
657
202
18900
687
213
18920
717
226
18940
751
240
18960
775
251
18980
805
266
19000
836
278
19020
868
296
19040
902
305
19060
947
325
19080
988
329
19100
1032
341
19120
1068
361
19140
1112
375
19160
1154
387
19180
1212
404
19200
1255
422
19220
1307
443
19240
1356
456
19260
1410
475
19280
1460
490
19300
1510
499
19320
1563
519
19340
1620
535
19360
1673
547
19380
1726
558
19400
1769
558
19420
1796
572
19440
