562
98
18260
569
107
18280
574
125
18300
579
140
18320
585
155
18340
593
169
18360
612
186
18380
632
202
18400
658
215
18420
677
228
18440
706
243
18460
738
261
18480
763
277
18500
796
297
18520
824
314
18540
857
328
18560
892
346
18580
927
367
18600
964
392
18620
1000
411
18640
1036
434
18660
1082
457
18680
1134
482
18700
1175
505
18720
1219
527
18740
1270
551
18760
1309
580
18780
1356
614
18800
1401
647
18820
1443
676
18840
1503
709
18860
1566
751
18880
1630
781
18900
1700
818
18920
1764
858
18940
1846
899
18960
1913
938
18980
