1832
1021
21020
1824
992
21040
1796
959
21060
1759
920
21080
1746
880
21100
1732
853
21120
1717
833
21140
1725
719
21160
1703
681
21180
1683
648
21200
1665
617
21220
1643
590
21240
1619
556
21260
1602
531
21280
1586
506
21300
1559
480
21320
1547
456
21340
1538
426
21360
1532
410
21380
1517
383
21400
1505
361
21420
1498
343
21440
1490
322
21460
1480
305
21480
1467
283
21500
1455
265
21520
1445
246
21540
1437
230
21560
1430
215
21580
1418
197
21600
1411
184
21620
1400
165
21640
1395
151
21660
1390
140
21680
1378
126
21700
1371
110
21720
1365
103
21740
1358
87
21760
1349
76
21780
1342
71
21800
