1669
1026
22140
1615
989
22160
1551
950
22180
1499
909
22200
1458
872
22220
1411
836
22240
1357
808
22260
1305
771
22280
1270
739
22300
1233
706
22320
1205
677
22340
1170
642
22360
1143
621
22380
1120
587
22400
1103
556
22420
1075
538
22440
1048
507
22460
1015
482
22480
980
463
22500
949
440
22520
910
425
22540
876
402
22560
849
383
22580
829
363
22600
808
341
22620
788
325
22640
764
309
22660
746
288
22680
727
277
22700
706
256
22720
691
243
22740
669
228
22760
653
210
22780
639
197
22800
627
184
22820
623
170
22840
617
159
22860
614
141
22880
611
130
22900
612
117
22920
610
109
22940
604
90
22960
600
82
22980
595
69
23000
591
59
23020
