1453
180
22200
1426
181
22220
1402
188
22240
1380
195
22260
1357
203
22280
1334
214
22300
1312
222
22320
1288
229
22340
1258
239
22360
1233
250
22380
1207
257
22400
1183
272
22420
1154
277
22440
1124
277
22460
1097
296
22480
1062
308
22500
1028
314
22520
1004
318
22540
975
326
22560
943
339
22580
906
345
22600
867
359
22620
836
371
22640
819
379
22660
794
393
22680
757
399
22700
715
408
22720
668
412
22740
619
420
22760
572
431
22780
538
437
22800
526
440
22820
506
449
22840
465
458
22860
411
467
22880
370
473
22900
315
488
22920
256
490
22940
208
498
22960
150
501
22980
90
499
23000
45
500
23020
3
516
23040
