90
942
23200
120
916
23220
140
879
23240
153
843
23260
169
809
23280
188
778
23300
206
747
23320
223
719
23340
234
689
23360
245
660
23380
257
633
23400
268
610
23420
276
584
23440
285
561
23460
292
539
23480
299
519
23500
307
497
23520
322
477
23540
340
458
23560
359
440
23580
379
423
23600
402
405
23620
423
388
23640
437
349
23660
455
352
23680
467
334
23700
473
324
23720
478
308
23740
485
297
23760
493
282
23780
502
264
23800
502
247
23820
495
236
23840
497
223
23860
509
212
23880
518
202
23900
529
190
23920
539
175
23940
547
167
23960
553
156
23980
559
147
24000
564
134
24020
572
124
24040
583
110
24060
593
95
24080
601
96
24100
617
86
24120
628
80
24140
644
71
24160
653
72
24180
