521
189
23720
539
197
23740
565
210
23760
589
219
23780
624
229
23800
653
239
23820
682
249
23840
706
263
23860
729
275
23880
750
289
23900
775
304
23920
805
319
23940
839
334
23960
868
345
23980
899
362
24000
925
374
24020
928
387
24040
945
406
24060
974
420
24080
1013
436
24100
1054
452
24120
1102
466
24140
1150
479
24160
1194
494
24180
1241
511
24200
1289
521
24220
1338
537
24240
1389
555
24260
1438
564
24280
1485
580
24300
1534
596
24320
1584
614
24340
1638
625
24360
1687
640
24380
1744
651
24400
