725
167
25420
731
175
25440
724
192
25460
718
196
25480
708
210
25500
705
221
25520
698
229
25540
693
241
25560
684
250
25580
679
261
25600
669
273
25620
666
285
25640
660
298
25660
656
309
25680
647
320
25700
631
332
25720
630
346
25740
630
361
25760
626
374
25780
622
387
25800
613
401
25820
609
416
25840
603
435
25860
600
447
25880
596
465
25900
591
479
25920
579
496
25940
571
516
25960
566
534
25980
568
549
26000
571
568
26020
572
582
26040
568
601
26060
571
624
26080
575
641
26100
575
666
26120
572
688
26140
557
707
26160
551
733
26180
531
759
26200
514
782
26220
508
806
26240
503
831
26260
492
864
26280
483
894
26300
470
920
26320
456
953
26340
446
979
26360
425
1014
26380
408
1036
26400
393
1071
26420
