559
172
25160
568
183
25180
582
196
25200
599
204
25220
619
220
25240
646
233
25260
662
244
25280
682
260
25300
697
273
25320
719
288
25340
734
302
25360
751
318
25380
766
340
25400
787
357
25420
808
377
25440
837
394
25460
866
413
25480
896
433
25500
927
447
25520
952
472
25540
982
488
25560
1010
511
25580
1036
533
25600
1057
556
25620
1071
589
25640
1085
620
25660
1103
648
25680
1125
673
25700
1146
707
25720
1156
741
25740
1166
779
25760
1171
814
25780
1173
853
25800
1180
889
25820
1184
938
25840
1200
983
25860
1228
1029
25880
1258
1075
25900
