1300
80
25980
1315
82
26000
1318
97
26020
1322
104
26040
1332
119
26060
1340
132
26080
1344
145
26100
1352
159
26120
1356
174
26140
1363
186
26160
1372
203
26180
1380
219
26200
1385
233
26220
1393
243
26240
1400
257
26260
1412
277
26280
1429
292
26300
1442
306
26320
1457
325
26340
1467
344
26360
1486
360
26380
1503
383
26400
1519
403
26420
1536
423
26440
1551
446
26460
1576
468
26480
1607
490
26500
1637
514
26520
1666
527
26540
1706
545
26560
1745
550
26580
1780
558
26600
