1502
228
25460
1478
232
25480
1450
232
25500
1437
244
25520
1432
250
25540
1422
260
25560
1415
267
25580
1414
275
25600
1406
280
25620
1398
290
25640
1387
304
25660
1378
313
25680
1371
328
25700
1364
340
25720
1357
357
25740
1352
373
25760
1340
386
25780
1331
399
25800
1320
415
25820
1310
434
25840
1308
446
25860
1302
464
25880
1290
483
25900
1275
501
25920
1260
513
25940
1244
527
25960
1217
537
25980
1205
554
26000
1178
569
26020
1163
581
26040
1130
593
26060
1096
609
26080
1071
618
26100
1049
638
26120
1019
649
26140
986
650
26160
975
644
26180
971
641
26200
966
638
26280
963
640
26300
952
642
26320
939
644
26340
911
646
26360
892
648
26380
881
647
26400
877
653
26580
863
651
26600
856
648
26620
844
648
26700
856
650
26720
856
656
26740
842
666
26760
837
678
26780
817
692
26800
814
711
26820
802
735
26840
779
757
26860
750
777
26880
731
796
26900
694
817
26920
669
842
26940
640
869
26960
625
898
26980
601
924
27000
572
953
27020
532
976
27040
484
996
27060
437
1027
27080
389
1052
27100
