1509
178
25980
1487
180
26000
1463
190
26020
1438
200
26040
1426
214
26060
1403
222
26080
1385
238
26100
1374
251
26120
1353
268
26140
1335
282
26160
1315
302
26180
1299
312
26200
1284
333
26220
1267
349
26240
1247
369
26260
1238
390
26280
1226
414
26300
1216
435
26320
1205
463
26340
1183
484
26360
1168
503
26380
1149
534
26400
1136
553
26420
1124
580
26440
1096
603
26460
1064
632
26480
1029
654
26500
984
693
26520
951
718
26540
904
758
26560
865
780
26580
821
823
26600
786
859
26620
748
904
26640
692
941
26660
636
981
26680
583
1019
26700
529
1062
26720
