1063
1035
26620
1026
1009
26640
982
976
26660
939
939
26680
900
905
26700
863
871
26720
824
842
26740
786
812
26760
753
782
26780
726
750
26800
701
722
26820
682
690
26840
679
663
26860
665
635
26880
639
613
26900
616
585
26920
604
561
26940
593
534
26960
583
510
26980
576
488
27000
570
467
27020
564
443
27040
552
438
27060
544
417
27080
545
402
27100
552
357
27120
553
339
27140
554
320
27160
557
302
27180
555
286
27200
551
272
27220
548
256
27240
551
243
27260
549
226
27280
536
212
27300
538
199
27320
534
186
27340
533
175
27360
528
161
27380
527
146
27400
526
135
27420
516
124
27440
518
114
27460
521
102
27480
528
89
27500
526
82
27520
530
71
27540
534
60
27560
