1593
366
26660
1558
364
26680
1519
344
26700
1481
338
26720
1445
330
26740
1415
320
26760
1394
310
26780
1361
298
26800
1338
289
26820
1310
277
26840
1275
267
26860
1250
257
26880
1229
243
26900
1204
232
26920
1178
225
26940
1148
216
26960
1130
203
26980
1113
192
27000
1099
178
27020
1096
168
27040
1093
161
27060
1091
148
27080
1093
136
27100
1088
127
27120
1091
120
27140
1098
108
27160
1096
100
27180
1095
94
27200
1092
79
27220
1087
70
27240
1072
63
27260
1058
57
27280
1026
55
27300
1018
45
27320
