583
179
26360
589
199
26380
604
209
26400
628
219
26420
653
226
26440
681
256
26460
713
233
26480
746
242
26500
780
244
26520
814
250
26540
843
256
26560
881
261
26580
918
262
26600
961
269
26620
989
274
26640
1023
281
26660
1055
288
26680
1089
296
26700
1125
302
26720
1164
306
26740
1205
307
26760
1243
318
26780
1282
323
26800
1317
331
26820
1354
338
26840
1394
336
26860
1428
346
26880
1471
352
26900
1506
359
26920
1548
363
26940
1585
374
26960
