604
143
27220
605
156
27240
607
166
27260
620
182
27280
636
186
27300
649
198
27320
662
212
27340
680
220
27360
700
230
27380
726
234
27400
752
246
27420
773
255
27440
795
266
27460
819
280
27480
846
292
27500
867
299
27520
883
313
27540
912
326
27560
937
338
27580
962
352
27600
989
365
27620
1009
378
27640
1035
391
27660
1067
404
27680
1093
422
27700
1119
439
27720
1140
454
27740
1166
468
27760
1189
485
27780
1216
509
27800
1236
530
27820
1252
548
27840
1274
570
27860
1298
593
27880
1319
611
27900
1341
635
27920
1368
656
27940
1393
686
27960
1408
708
27980
1427
732
28000
1458
764
28020
1479
790
28040
1504
822
28060
1532
856
28080
1559
887
28100
1591
918
28120
1611
953
28140
1636
987
28160
1671
1028
28180
1697
1066
28200
