628
176
27160
627
195
27180
631
213
27200
639
221
27220
644
241
27240
644
254
27260
654
274
27280
667
290
27300
679
305
27320
681
323
27340
675
345
27360
677
362
27380
678
386
27400
678
409
27420
673
433
27440
676
458
27460
678
482
27480
687
514
27500
691
538
27520
698
565
27540
704
595
27560
711
621
27580
714
648
27600
721
678
27620
728
707
27640
732
739
27660
739
760
27680
742
783
27700
740
811
27720
744
845
27740
752
883
27760
745
918
27780
750
953
27800
745
999
27820
732
1048
27840
