1854
974
27360
1819
952
27380
1781
923
27400
1750
883
27420
1720
845
27440
1698
773
27460
1669
734
27480
1645
703
27500
1625
671
27520
1608
636
27540
1586
603
27560
1569
578
27580
1552
555
27600
1540
530
27620
1529
503
27640
1510
481
27660
1493
455
27680
1478
434
27700
1459
417
27720
1454
393
27740
1441
378
27760
1432
358
27780
1418
335
27800
1407
315
27820
1394
301
27840
1384
285
27860
1375
266
27880
1369
247
27900
1361
232
27920
1354
217
27940
1346
204
27960
1340
192
27980
1332
177
28000
1323
163
28020
1317
150
28040
1307
137
28060
1303
123
28080
1296
111
28100
1294
102
28120
1286
90
28140
1281
75
28160
1276
67
28180
