1596
1046
27280
1583
1015
27300
1558
964
27320
1536
918
27340
1507
889
27360
1489
842
27380
1474
797
27400
1459
766
27420
1453
727
27440
1443
693
27460
1430
659
27480
1414
625
27500
1399
595
27520
1390
558
27540
1382
533
27560
1373
499
27580
1363
473
27600
1357
445
27620
1353
424
27640
1349
398
27660
1342
374
27680
1336
352
27700
1332
330
27720
1328
311
27740
1321
291
27760
1313
258
27780
1307
238
27800
1312
226
27820
1317
213
27840
1312
196
27860
1309
180
27880
1306
168
27900
1305
155
27920
1310
137
27940
1305
126
27960
1301
116
27980
1294
99
28000
1287
87
28020
1278
79
28040
1278
72
28060
