239
1021
28700
265
982
28720
291
945
28740
311
906
28760
328
871
28780
341
834
28800
347
836
28820
365
805
28840
386
773
28860
405
744
28880
423
711
28900
441
688
28920
458
662
28940
473
633
28960
486
607
28980
499
587
29000
511
559
29020
522
537
29040
529
519
29060
538
497
29080
548
477
29100
559
459
29120
570
439
29140
583
416
29160
595
402
29180
612
352
29200
616
338
29220
619
320
29240
628
305
29260
637
293
29280
647
273
29300
658
264
29320
661
245
29340
675
231
29360
695
222
29380
708
204
29400
726
198
29420
735
179
29440
735
165
29460
741
153
29480
745
140
29500
747
125
29520
748
114
29540
750
100
29560
752
87
29580
762
80
29600
784
68
29620
796
58
29640
811
52
29660
827
39
29680
850
39
29700
