164
575
29340
213
598
29360
268
589
29380
320
577
29400
375
570
29420
423
555
29440
475
546
29460
521
539
29480
567
539
29500
612
535
29520
663
536
29540
711
527
29560
753
518
29580
793
505
29600
829
505
29620
863
492
29640
894
469
29660
924
490
29680
960
503
29700
990
527
29720
1011
532
29740
1031
540
29760
1043
552
29780
1062
545
29800
1075
549
29820
1080
532
29840
1078
528
29860
1086
532
29960
1094
534
29980
1094
534
30200
1116
536
30220
1142
541
30240
1174
556
30260
1192
560
30280
1206
574
30300
1227
598
30320
1240
610
30340
1251
622
30360
1256
627
30380
1254
645
30440
1251
648
30460
1256
656
30580
1253
667
30600
1253
679
30620
1261
696
30640
1269
708
30660
1276
728
30680
1285
747
30700
1293
775
30720
1309
800
30740
1327
828
30760
1340
860
30780
1358
884
30800
1383
909
30820
1408
937
30840
1427
974
30860
1454
1002
30880
1487
1044
30900
1506
1071
30920
