1159
89
28740
1170
98
28760
1181
105
28780
1196
119
28800
1205
127
28820
1212
140
28840
1229
153
28860
1242
165
28880
1256
175
28900
1268
190
28920
1280
205
28940
1286
218
28960
1295
230
28980
1304
250
29000
1313
256
29020
1312
275
29040
1320
292
29060
1320
310
29080
1319
325
29100
1318
340
29120
1324
359
29140
1327
375
29160
1329
400
29180
1326
414
29200
1334
439
29220
1343
456
29240
1355
472
29260
1359
485
29280
1370
508
29300
1380
528
29320
1396
552
29340
1405
577
29360
1412
603
29380
1420
633
29400
1424
652
29420
1431
687
29440
1440
721
29460
1457
753
29480
1474
792
29500
1499
833
29520
1516
871
29540
1538
915
29560
1561
951
29580
1595
997
29600
1622
1043
29620
