1180
90
30460
1187
99
30480
1195
109
30500
1203
118
30520
1207
125
30540
1213
135
30560
1214
149
30580
1223
158
30600
1234
166
30620
1235
178
30640
1245
194
30660
1254
206
30680
1263
216
30700
1265
229
30720
1272
240
30740
1278
253
30760
1281
263
30780
1283
281
30800
1287
298
30820
1286
314
30840
1285
328
30860
1289
342
30880
1295
360
30900
1297
376
30920
1304
394
30940
1301
414
30960
1306
431
30980
1305
453
31000
1304
471
31020
1299
492
31040
1301
515
31060
1302
541
31080
1304
563
31100
1313
585
31120
1318
613
31140
1319
634
31160
1314
658
31180
1316
686
31200
1327
714
31220
1333
745
31240
1348
774
31260
1355
809
31280
1369
842
31300
1379
878
31320
1391
914
31340
1405
950
31360
1418
992
31380
1427
1025
31400
1434
1067
31420
