1345
78
30200
1333
92
30220
1331
102
30240
1323
114
30260
1321
128
30280
1335
129
30300
1347
144
30320
1357
152
30340
1357
175
30360
1365
189
30380
1366
201
30400
1372
217
30420
1376
230
30440
1382
247
30460
1390
263
30480
1395
280
30500
1407
300
30520
1415
312
30540
1423
338
30560
1426
353
30580
1436
372
30600
1443
393
30620
1451
412
30640
1461
436
30660
1476
460
30680
1487
484
30700
1494
505
30720
1505
531
30740
1518
558
30760
1529
587
30780
1546
620
30800
1552
644
30820
1566
675
30840
1580
707
30860
1594
737
30880
1607
778
30900
1622
809
30920
1640
846
30940
1655
885
30960
1662
931
30980
1664
965
31000
1670
1019
31020
1679
1063
31040
