586
184
31820
608
198
31840
637
211
31860
662
226
31880
695
235
31900
729
249
31920
756
258
31940
796
274
31960
825
283
31980
872
294
32000
901
305
32020
975
333
32060
1007
348
32080
1052
361
32100
1083
371
32120
1125
388
32140
1168
407
32160
1204
425
32180
1249
438
32200
1291
453
32220
1344
476
32240
1386
485
32260
1439
498
32280
1483
513
32300
1532
529
32320
1585
537
32340
1633
550
32360
1679
557
32380
1731
562
32400
1776
565
32420
