1218
74
32020
1223
79
32040
1227
93
32060
1230
102
32080
1233
110
32100
1235
121
32120
1237
128
32140
1236
142
32160
1236
155
32180
1240
163
32200
1240
176
32220
1242
188
32240
1235
199
32260
1234
212
32280
1223
230
32300
1214
238
32320
1196
242
32340
1180
261
32360
1162
272
32380
1147
280
32400
1133
294
32420
1115
303
32440
1089
315
32460
1062
330
32480
1038
340
32500
1014
353
32520
986
369
32540
956
372
32560
936
394
32580
913
402
32600
880
417
32620
856
430
32640
841
444
32660
817
463
32680
801
478
32700
777
494
32720
756
512
32740
746
532
32760
732
549
32780
706
570
32800
689
595
32820
677
616
32840
653
637
32860
639
664
32880
629
700
32900
609
726
32920
593
754
32940
573
782
32960
549
823
32980
531
857
33000
513
890
33020
485
924
33040
469
968
33060
440
1003
33080
414
1033
33100
