1161
98
32720
1177
105
32740
1184
119
32760
1187
127
32780
1191
140
32800
1196
151
32820
1196
156
32840
1196
173
32860
1198
188
32880
1189
198
32900
1174
212
32920
1164
218
32940
1154
232
32960
1131
244
32980
1114
252
33000
1097
265
33020
1075
276
33040
1053
288
33060
1032
299
33080
1010
313
33100
988
327
33120
958
342
33140
937
355
33160
917
372
33180
886
390
33200
860
405
33220
837
426
33240
813
442
33260
786
463
33280
763
489
33300
739
514
33320
714
536
33340
698
562
33360
672
588
33380
655
617
33400
627
644
33420
600
677
33440
579
711
33460
547
743
33480
527
777
33500
494
801
33520
466
852
33540
433
886
33560
397
930
33580
367
974
33600
330
1016
33620
304
1067
33640
