1409
1020
33800
1381
965
33820
1357
926
33840
1328
880
33860
1300
854
33880
1274
812
33900
1241
774
33920
1212
735
33940
1194
710
33960
1166
681
33980
1136
643
34000
1110
619
34020
1092
600
34040
1071
570
34060
1041
544
34080
1000
525
34100
965
505
34120
929
484
34140
905
466
34160
881
451
34180
853
430
34200
825
408
34220
800
386
34240
781
377
34260
766
362
34280
742
343
34300
724
325
34320
699
308
34340
678
292
34360
666
280
34380
648
268
34400
630
245
34420
613
237
34440
599
224
34460
586
212
34480
577
198
34500
562
189
34520
547
172
34540
537
166
34560
526
151
34580
523
137
34600
514
126
34620
507
116
34640
499
103
34660
494
98
34680
493
84
34700
490
74
34720
488
64
34740
479
57
34760
469
58
34780
458
64
34800
