518
155
33380
521
164
33400
530
185
33420
538
206
33440
539
216
33460
533
227
33480
530
240
33500
529
260
33520
526
274
33540
529
290
33560
525
311
33580
523
329
33600
512
349
33620
507
368
33640
513
388
33660
511
408
33680
496
430
33700
488
453
33720
471
474
33740
470
495
33760
454
522
33780
437
551
33800
428
570
33820
412
607
33840
400
637
33860
380
675
33880
355
697
33900
346
726
33920
330
766
33940
302
807
33960
293
833
33980
279
871
34000
266
914
34020
259
962
34040
245
1008
34060
231
1055
34080
