1413
1051
35380
1402
1046
35400
1370
1003
35420
1348
959
35440
1343
920
35460
1333
915
35480
1348
866
35500
1352
819
35520
1346
781
35540
1338
743
35560
1324
726
35580
1305
702
35600
1291
670
35620
1272
587
35640
1258
565
35660
1234
541
35680
1210
516
35700
1194
492
35720
1179
468
35740
1167
442
35760
1153
419
35780
1138
398
35800
1117
379
35820
1091
360
35840
1068
343
35860
1040
322
35880
1010
311
35900
979
297
35920
947
286
35940
910
273
35960
873
260
35980
838
253
36000
803
239
36020
767
232
36040
733
224
36060
700
213
36080
667
207
36100
641
198
36120
625
192
36140
614
179
36160
604
169
36180
595
157
36200
587
148
36220
586
129
36240
588
120
36260
593
106
36280
596
95
36300
603
85
36320
613
72
36340
629
72
36360
649
78
36380
