1791
1002
35300
1755
946
35320
1721
893
35340
1694
849
35360
1667
800
35380
1650
758
35400
1628
720
35420
1601
681
35440
1572
648
35460
1544
611
35480
1526
577
35500
1505
546
35520
1487
512
35540
1465
485
35560
1446
461
35580
1428
429
35600
1414
404
35620
1400
377
35640
1388
357
35660
1374
335
35680
1362
311
35700
1345
291
35720
1331
272
35740
1316
252
35760
1302
233
35780
1288
213
35800
1277
195
35820
1266
181
35840
1255
161
35860
1243
147
35880
1234
134
35900
1227
116
35920
1223
105
35940
1221
91
35960
1215
79
35980
1208
66
36000
1202
68
36020
1201
69
36040
1193
72
36060
