1872
1041
36280
1834
996
36300
1799
948
36320
1766
909
36340
1744
861
36360
1710
825
36380
1680
787
36400
1649
750
36420
1609
725
36440
1569
692
36460
1537
661
36480
1515
627
36500
1498
596
36520
1486
569
36540
1477
542
36560
1464
513
36580
1451
492
36600
1444
461
36620
1429
445
36640
1422
420
36660
1416
395
36680
1409
378
36700
1400
354
36720
1392
340
36740
1389
319
36760
1381
299
36780
1375
281
36800
1367
263
36820
1365
246
36840
1367
232
36860
1369
215
36880
1370
202
36900
1367
185
36920
1361
168
36940
1355
159
36960
1352
146
36980
1348
134
37000
1342
118
37020
1335
108
37040
1326
96
37060
1321
83
37080
1312
73
37100
1309
74
37120
1305
69
37140
1293
75
37160
