1553
1020
37320
1519
991
37340
1479
948
37360
1448
911
37380
1408
900
37400
1373
871
37420
1340
853
37440
1288
775
37460
1247
751
37480
1210
724
37500
1190
692
37520
1163
657
37540
1140
635
37560
1118
600
37580
1100
574
37600
1085
547
37620
1068
518
37640
1048
491
37660
1025
468
37680
999
444
37700
975
426
37720
955
403
37740
930
382
37760
905
363
37780
872
348
37800
847
332
37820
821
314
37840
792
303
37860
765
288
37880
742
268
37900
721
258
37920
699
242
37940
673
230
37960
657
214
37980
641
204
38000
627
195
38020
622
182
38040
619
169
38060
616
155
38080
617
141
38100
615
126
38120
619
116
38140
623
104
38160
623
92
38180
626
81
38200
626
71
38220
626
63
38240
627
79
38260
624
72
38280
