1771
1024
37940
1726
991
37960
1680
955
37980
1636
916
38000
1591
879
38020
1549
841
38040
1507
809
38060
1464
774
38080
1424
742
38100
1388
711
38120
1351
684
38140
1313
656
38160
1275
632
38180
1239
601
38200
1204
581
38220
1164
559
38240
1135
541
38260
1099
518
38280
1063
498
38300
1029
492
38320
987
497
38340
956
494
38360
922
491
38380
868
496
38460
857
483
38480
834
463
38500
811
440
38520
790
426
38540
771
403
38560
755
386
38580
734
367
38600
717
350
38620
705
332
38640
686
317
38660
666
300
38680
638
284
38700
623
271
38720
607
259
38740
587
241
38760
568
229
38780
553
214
38800
541
201
38820
530
187
38840
524
169
38860
523
158
38880
522
146
38900
518
135
38920
512
122
38940
509
112
38960
514
99
38980
508
84
39000
508
73
39020
510
64
39040
516
56
39060
526
66
39080
528
59
39100
533
63
39120
533
62
39140
