1759
1027
38300
1749
1001
38320
1742
973
38340
1733
950
38360
1731
932
38380
1722
911
38400
1733
887
38420
1728
874
38440
1711
863
38460
1697
860
38480
1709
866
38500
1708
868
38520
1709
868
38540
1713
869
38560
1713
870
38580
1714
869
38600
1714
869
38620
1714
869
38640
1714
869
38660
1713
870
38680
1713
870
38700
1713
870
38720
1713
869
38740
1713
869
38760
1713
870
38780
1715
862
40800
1716
862
40820
1716
862
40860
1723
864
40900
1723
864
40920
1719
863
40940
1715
862
40960
1716
864
40980
1717
863
41020
1718
853
41420
1708
826
41440
1706
807
41460
1691
776
41480
1675
750
41500
1655
714
41520
1632
681
41540
1613
649
41560
1595
616
41580
1581
587
41600
1570
561
41620
1565
535
41640
1554
507
41660
1543
483
41680
1534
460
41700
1518
432
41720
1502
410
41740
1487
386
41760
1475
368
41780
1463
348
41800
1440
332
41820
1408
322
41840
1369
313
41860
1330
308
41880
1299
311
41900
1270
305
41920
1254
302
41940
1249
298
41960
1247
299
41980
1253
299
42760
1248
295
42780
1244
298
42800
1245
300
42820
1244
298
42840
1247
299
42860
1243
295
42880
1243
300
42900
1247
300
42920
1244
291
43100
1241
283
43120
1252
276
43140
1251
261
43160
1246
245
43180
1241
233
43200
1234
213
43220
1230
200
43240
1230
182
43260
1231
171
43280
1221
156
43300
1204
144
43320
1195
129
43340
1196
118
43360
1199
104
43380
1206
91
43400
1215
82
43420
1220
72
43440
1218
70
43460
1203
76
43480
