1567
1025
39080
1537
989
39100
1505
957
39120
1466
929
39140
1418
908
39160
1367
885
39180
1311
862
39200
1264
839
39220
1217
817
39240
1177
791
39260
1134
772
39280
1091
753
39300
1052
733
39320
1014
710
39340
973
694
39360
930
676
39380
891
659
39400
848
638
39420
808
629
39440
776
610
39460
760
589
39480
745
562
39500
738
544
39520
737
516
39540
742
493
39560
739
472
39580
732
454
39600
721
432
39620
722
416
39640
722
394
39660
720
379
39680
712
361
39700
706
344
39720
695
326
39740
678
312
39760
665
298
39780
653
283
39800
647
271
39820
641
256
39840
638
242
39860
634
231
39880
625
217
39900
618
202
39920
610
193
39940
598
176
39960
599
164
39980
598
154
40000
596
139
40020
602
129
40040
604
119
40060
606
104
40080
606
95
40100
605
86
40120
608
74
40140
614
65
40160
621
62
40180
619
70
40200
