426
1032
41200
482
990
41220
530
942
41240
605
903
41260
670
882
41280
745
860
41300
807
833
41320
868
802
41340
926
772
41360
976
735
41380
1024
704
41400
1064
683
41420
1097
645
41440
1115
613
41460
1135
579
41480
1152
549
41500
1163
521
41520
1174
488
41540
1179
456
41560
1197
434
41580
1210
409
41600
1223
383
41620
1243
366
41640
1255
341
41660
1267
318
41680
1275
296
41700
1280
282
41720
1291
258
41740
1298
235
41760
1304
223
41780
1311
202
41800
1315
184
41820
1317
172
41840
1317
155
41860
1317
142
41880
1320
126
41900
1325
115
41920
1328
103
41940
1339
90
41960
1350
78
41980
1360
87
42000
1367
74
42020
