311
1027
42320
324
1000
42340
335
971
42360
356
936
42380
373
914
42400
388
889
42420
412
866
42440
435
845
42460
449
815
42480
456
790
42500
479
763
42520
486
742
42540
490
728
42560
507
705
42580
506
687
42600
512
659
42620
521
630
42660
528
606
42680
529
587
42700
532
570
42720
541
546
42740
546
535
42760
551
509
42780
561
495
42800
570
484
42820
571
460
42840
573
445
42860
574
425
42880
578
412
42900
582
401
42920
582
392
42940
585
377
42960
589
354
42980
592
340
43000
598
327
43020
604
317
43040
604
298
43060
609
279
43080
601
272
43100
597
262
43120
588
251
43140
596
240
43160
594
228
43180
604
214
43200
606
206
43220
610
196
43240
603
180
43260
615
173
43280
615
161
43300
618
150
43320
624
144
43340
624
133
43360
629
122
43380
629
116
43400
637
103
43420
643
93
43440
655
94
43460
660
95
43480
