250
1027
42860
255
1042
42880
286
1000
42900
304
958
42920
330
919
42940
346
878
42960
365
838
42980
382
805
43000
399
774
43020
414
740
43040
426
706
43060
437
680
43080
449
652
43100
457
625
43120
467
595
43140
486
525
43160
493
495
43180
503
480
43200
515
466
43220
522
451
43240
527
428
43260
537
409
43280
548
388
43300
550
374
43320
557
362
43340
569
346
43360
569
336
43380
575
332
43400
577
318
43420
554
314
43520
539
322
43560
505
325
45320
490
322
45340
457
324
45820
448
323
45840
434
322
46320
418
318
46960
413
318
46980
384
322
48100
376
322
48120
367
321
48780
347
323
48800
352
337
49220
361
361
49240
375
377
49260
390
403
49280
403
439
49300
424
479
49320
463
521
49340
524
555
49360
576
596
49380
627
648
49400
674
704
49420
745
765
49440
822
835
49460
894
913
49480
970
1000
49500
1034
1072
49520
