1602
304
43060
1557
302
43080
1510
295
43100
1469
288
43120
1428
280
43140
1382
276
43160
1333
281
43180
1284
288
43200
1244
297
43220
1198
310
43240
1149
322
43260
1105
331
43280
1047
345
43300
998
357
43320
945
368
43340
883
379
43360
829
388
43380
773
393
43400
712
409
43420
646
423
43440
579
436
43460
517
442
43480
452
463
43500
384
466
43520
312
476
43540
246
480
43560
177
485
43580
107
485
43600
34
484
43620
3
484
43640
