1569
308
43500
1537
308
43520
1496
300
43540
1460
290
43560
1423
281
43580
1386
272
43600
1348
263
43620
1307
249
43640
1274
249
43660
1240
236
43680
1207
226
43700
1182
225
43720
1154
214
43740
1130
202
43760
1113
188
43780
1099
173
43800
1093
162
43820
1098
145
43840
1095
134
43860
1096
127
43880
1094
114
43900
1090
98
43920
1093
89
43940
1085
76
43960
1076
63
43980
1057
60
44000
1024
49
44020
1007
43
44040
995
39
44060
972
37
44080
