1267
99
43340
1279
113
43360
1283
122
43380
1294
133
43400
1302
143
43420
1313
157
43440
1322
170
43460
1325
184
43480
1335
198
43500
1345
213
43520
1353
234
43540
1359
249
43560
1367
263
43580
1372
283
43600
1380
301
43620
1397
322
43640
1401
336
43660
1407
359
43680
1418
381
43700
1430
398
43720
1444
425
43740
1451
442
43760
1469
463
43780
1491
490
43800
1510
510
43820
1527
548
43840
1531
570
43860
1550
594
43880
1568
624
43900
1585
660
43920
1593
694
43940
1609
726
43960
1631
767
43980
1655
801
44000
1678
846
44020
1705
882
44040
1728
926
44060
1751
972
44080
1777
1020
44100
1800
1061
44120
1814
1076
44140
