1605
375
43420
1563
381
43440
1514
389
43460
1465
387
43480
1413
389
43500
1362
393
43520
1309
394
43540
1262
401
43560
1219
410
43580
1164
411
43600
1110
413
43620
1063
416
43640
1007
429
43660
955
432
43680
919
442
43700
873
456
43720
824
463
43740
764
472
43760
709
484
43780
650
489
43800
590
488
43820
535
500
43840
474
510
43860
412
515
43880
350
526
43900
291
533
43920
228
532
43940
161
538
43960
103
540
43980
45
531
44000
7
541
44020
