474
1041
45280
480
1018
45300
494
976
45320
503
938
45340
508
901
45360
514
868
45380
520
832
45400
537
820
45420
549
788
45440
564
759
45460
577
732
45480
587
706
45500
601
678
45520
614
653
45540
626
627
45560
645
605
45580
665
582
45600
681
561
45620
688
541
45640
694
518
45660
706
500
45680
721
482
45700
744
469
45720
784
458
45740
810
458
45760
851
416
45780
878
402
45800
896
390
45820
918
377
45840
933
363
45860
947
348
45880
966
335
45900
985
323
45920
1007
311
45940
1031
304
45960
1054
295
45980
1078
285
46000
1101
273
46020
1127
265
46040
1146
258
46060
1159
246
46080
1164
233
46100
1174
224
46120
1185
212
46140
1189
202
46160
1192
190
46180
1193
179
46200
1194
167
46220
1197
158
46240
1199
148
46260
1201
136
46280
1201
129
46300
1202
118
46320
1200
106
46340
1204
97
46360
1206
89
46380
1207
78
46400
1203
75
46420
