1548
411
46000
1512
417
46020
1475
430
46040
1432
430
46060
1387
440
46080
1341
439
46100
1291
443
46120
1240
445
46140
1192
448
46160
1142
447
46180
1093
450
46200
1043
452
46220
991
458
46240
944
460
46260
891
464
46280
841
465
46300
797
480
46320
757
498
46340
704
512
46360
651
518
46380
596
528
46400
544
530
46420
488
529
46440
429
530
46460
378
537
46480
321
531
46500
267
539
46520
210
538
46540
150
533
46560
100
527
46580
44
527
46600
