1554
343
46880
1545
350
46900
1520
343
46920
1497
330
46940
1481
319
46960
1469
305
46980
1469
294
47000
1466
282
47020
1464
271
47040
1457
259
47060
1447
248
47080
1437
236
47100
1425
225
47120
1417
213
47140
1409
203
47160
1398
191
47180
1389
183
47200
1375
176
47220
1363
164
47240
1351
155
47260
1336
146
47280
1315
120
47300
1292
114
47320
1276
108
47340
1258
99
47360
1234
89
47380
1223
84
47400
1208
76
47420
1193
72
47440
