1445
1044
46480
1413
1056
46500
1368
1031
46520
1331
994
46540
1301
954
46560
1273
927
46580
1251
880
46600
1232
838
46620
1219
797
46640
1194
770
46660
1157
762
46680
1146
713
46700
1142
675
46720
1133
648
46740
1116
617
46760
1094
600
46780
1070
569
46800
1038
565
46820
999
545
46840
968
513
46860
936
495
46880
905
477
46900
877
470
46920
846
456
46940
812
445
46960
775
409
46980
741
403
47000
698
394
47020
663
392
47040
626
381
47060
594
369
47080
570
364
47100
551
352
47120
546
346
47140
550
343
47160
554
336
47180
570
321
47200
589
307
47220
619
293
47240
641
283
47260
671
273
47280
694
259
47300
708
244
47320
728
230
47340
750
215
47360
789
209
47380
823
207
47400
856
203
47420
883
195
47440
908
186
47460
912
178
47480
911
177
47500
920
180
47520
922
180
47540
931
187
47580
944
185
47600
959
186
47620
974
185
47640
982
185
47660
