235
1025
46400
253
980
46420
282
936
46440
304
893
46460
336
845
46480
366
809
46500
404
776
46520
422
735
46540
441
703
46560
454
676
46580
469
639
46600
477
608
46620
492
585
46640
498
557
46660
500
537
46680
510
506
46700
510
480
46720
518
461
46740
529
436
46760
525
410
46780
541
396
46800
561
372
46820
601
364
46840
645
351
46860
695
340
46880
739
332
46900
783
325
46920
826
315
46940
863
304
46960
903
292
46980
946
280
47000
985
272
47020
1019
261
47040
1059
258
47060
1098
251
47080
1128
242
47100
1158
231
47120
1175
219
47140
1188
207
47160
1206
195
47180
1214
185
47200
1221
169
47220
1226
159
47240
1219
142
47260
1209
128
47280
1198
114
47300
1198
103
47320
1193
92
47340
1186
83
47360
1179
74
47380
