104
1016
48080
126
970
48100
147
923
48120
163
882
48140
180
842
48160
200
802
48180
223
762
48200
244
727
48220
261
693
48240
276
657
48260
292
624
48280
312
594
48300
329
564
48320
345
534
48340
363
507
48360
383
483
48380
401
479
48400
425
473
48420
443
453
48440
461
432
48460
479
412
48480
482
390
48500
484
376
48520
491
370
48540
486
360
48560
484
334
48580
480
326
48600
445
329
49860
421
332
50760
381
333
51220
354
328
51820
352
348
52300
363
360
52320
380
383
52340
389
400
52360
400
409
52380
412
425
52400
437
431
52420
465
441
52440
487
448
52460
504
471
52480
514
484
52500
527
499
52520
531
518
52540
532
536
52560
515
558
52580
505
580
52600
497
604
52620
490
625
52640
485
650
52660
472
678
52680
460
695
52700
456
723
52720
458
750
52740
453
772
52760
442
797
52780
431
828
52800
418
862
52820
403
894
52840
389
921
52860
371
954
52880
349
989
52900
322
1015
52920
287
1045
52940
247
1069
52960
