564
122
48920
568
136
48940
578
149
48960
588
160
48980
598
175
49000
612
187
49020
636
198
49040
662
206
49060
689
219
49080
721
232
49100
743
240
49120
770
256
49140
803
270
49160
836
283
49180
864
296
49200
897
311
49220
925
324
49240
956
340
49260
989
354
49280
1021
370
49300
1063
386
49320
1097
400
49340
1139
414
49360
1179
432
49380
1220
445
49400
1263
465
49420
1303
482
49440
1348
496
49460
1393
512
49480
1437
526
49500
1482
551
49520
1527
571
49540
1577
588
49560
1623
602
49580
1673
620
49600
1722
634
49620
1771
645
49640
