517
129
48740
521
140
48760
535
153
48780
539
162
48800
554
172
48820
573
181
48840
585
197
48860
602
209
48880
633
225
48900
653
227
48920
676
239
48940
703
253
48960
733
263
48980
761
276
49000
789
289
49020
819
306
49040
852
321
49060
882
330
49080
914
348
49100
949
360
49120
981
376
49140
1016
393
49160
1061
411
49180
1100
419
49200
1147
438
49220
1189
450
49240
1234
461
49260
1285
479
49280
1333
491
49300
1382
505
49320
1438
513
49340
1489
527
49360
1540
536
49380
1599
540
49400
1650
549
49420
1706
554
49440
1751
561
49460
