649
1025
48740
688
1000
48760
715
966
48780
737
923
48800
759
887
48820
780
850
48840
797
818
48860
813
783
48880
827
751
48900
845
721
48920
865
696
48940
893
676
48960
920
661
48980
929
649
49000
937
652
49020
940
652
49040
945
651
49060
954
643
49080
974
644
49100
977
636
49120
995
634
49140
1003
633
49160
1004
633
49180
1004
633
49200
1002
633
49220
997
628
49420
983
659
49900
992
660
50280
990
674
50300
992
691
50320
993
714
50340
1003
749
50360
1014
776
50380
1028
810
50400
1031
843
50420
1037
881
50440
1051
915
50460
1063
954
50480
1069
986
50500
1073
1032
50520
1073
1074
50540
