485
145
49440
507
164
49460
514
174
49480
521
191
49500
525
205
49520
533
220
49540
549
234
49560
570
247
49580
589
262
49600
594
281
49620
590
293
49640
585
315
49660
581
335
49680
578
352
49700
570
372
49720
556
391
49740
541
414
49760
526
433
49780
507
455
49800
484
476
49820
457
497
49840
431
521
49860
404
541
49880
378
555
49900
351
568
49920
336
590
49940
330
619
49960
314
649
49980
299
691
50000
278
716
50020
269
752
50040
250
790
50060
232
829
50080
212
868
50100
188
912
50120
170
956
50140
145
1007
50160
125
1049
50180
