1282
1028
49480
1229
985
49500
1176
947
49520
1125
908
49540
1077
874
49560
1030
837
49580
985
808
49600
938
773
49620
883
746
49640
831
717
49660
783
693
49680
747
661
49700
723
637
49720
701
604
49740
686
569
49760
674
546
49780
657
515
49800
644
497
49820
632
470
49840
623
448
49860
616
421
49880
608
395
49900
595
376
49920
582
357
49940
575
332
49960
560
319
49980
538
308
50000
523
299
50020
498
291
50080
503
284
50100
389
294
52360
344
298
52840
363
303
53600
370
305
53620
388
309
53640
419
308
53660
457
314
53680
485
319
53700
506
328
53720
514
345
53740
525
351
53760
536
366
53780
538
380
53800
545
394
53820
551
401
53840
556
416
53860
563
430
53880
568
442
53900
584
456
53920
594
469
53940
609
481
53960
627
487
53980
644
494
54000
665
497
54020
677
497
54040
702
503
54060
729
506
54080
754
517
54100
772
528
54120
789
534
54140
787
540
54460
788
541
55880
787
539
55900
793
539
55920
781
538
57500
761
554
57520
747
569
57540
747
586
57560
757
604
57580
778
629
57600
798
647
57620
819
661
57640
837
675
57660
867
681
57680
890
691
57700
919
708
57720
938
731
57740
946
768
57760
944
801
57780
948
843
57800
945
881
57820
930
917
57840
929
961
57860
922
997
57880
916
1038
57900
