149
578
50560
204
577
50580
254
566
50600
304
552
50620
355
539
50640
399
525
50660
436
526
50680
460
537
50700
489
521
50720
525
497
50740
539
481
50760
555
478
50780
552
481
50800
559
484
50820
562
478
50840
559
487
50860
558
481
50880
562
484
50900
561
482
50920
562
484
50940
576
485
50960
599
495
50980
622
501
51000
649
503
51020
650
448
51040
653
421
51060
647
397
51080
646
387
51100
635
365
51120
625
356
51140
618
342
51160
610
316
51180
606
310
51200
604
294
51220
597
280
51240
590
269
51260
585
257
51280
573
242
51300
558
228
51320
545
215
51340
542
205
51360
546
194
51380
553
183
51400
567
172
51420
576
159
51440
588
146
51460
597
135
51480
601
125
51500
614
110
51520
620
105
51540
628
96
51560
635
89
51580
648
77
51600
658
64
51620
673
54
51640
