1156
1043
50860
1113
997
50880
1072
960
50900
1029
914
50920
989
874
50940
945
843
50960
894
808
50980
852
782
51000
812
747
51020
788
717
51040
766
683
51060
739
652
51080
708
627
51100
675
596
51120
653
564
51140
642
541
51160
637
514
51180
645
495
51200
640
467
51220
637
436
51240
643
414
51260
643
392
51280
632
371
51300
630
348
51320
622
328
51340
613
310
51360
603
296
51380
601
275
51400
593
256
51420
578
246
51440
577
236
51460
577
220
51480
576
196
51500
575
183
51520
582
170
51540
587
158
51560
591
145
51580
597
135
51600
599
118
51620
597
101
51640
595
95
51660
589
81
51680
581
72
51700
577
63
51720
572
53
51740
568
41
51760
