111
978
50400
144
941
50420
166
896
50440
185
853
50460
199
815
50480
214
773
50500
229
736
50520
242
705
50540
253
671
50560
269
639
50580
290
611
50600
306
586
50620
325
557
50640
341
533
50660
358
506
50680
377
481
50700
397
459
50720
420
436
50740
444
414
50760
468
395
50780
488
374
50800
505
365
50820
532
344
50840
543
322
50860
540
294
50880
540
282
50900
537
265
50920
528
252
50940
521
235
50960
515
222
50980
512
208
51000
507
191
51020
498
177
51040
494
167
51060
492
150
51080
491
137
51100
497
124
51120
497
116
51140
493
109
51160
488
94
51180
485
83
51200
483
76
51220
483
62
51240
485
48
51260
