1324
87
50620
1322
94
50640
1315
97
50660
1321
110
50680
1325
120
50700
1321
130
50720
1321
137
50740
1322
153
50760
1326
157
50780
1334
169
50800
1345
183
50820
1359
190
50840
1363
199
50860
1379
216
50880
1392
220
50900
1406
233
50920
1419
246
50940
1431
259
50960
1437
273
50980
1451
282
51000
1466
295
51020
1477
306
51040
1481
323
51060
1504
347
51080
1514
357
51100
1521
371
51120
1538
387
51140
1540
405
51160
1552
422
51180
1569
437
51200
1588
456
51220
1603
470
51240
1618
487
51260
1640
503
51280
1670
530
51300
1700
540
51320
1734
548
51340
1770
557
51360
1800
564
51380
