1557
363
52080
1519
352
52100
1483
341
52120
1455
325
52140
1406
314
52160
1381
307
52180
1351
293
52200
1316
279
52220
1280
267
52240
1250
257
52260
1224
249
52280
1190
237
52300
1170
226
52320
1148
215
52340
1133
203
52360
1121
193
52380
1112
173
52400
1111
154
52420
1108
144
52440
1108
133
52460
1106
117
52480
1104
105
52500
1104
97
52520
1102
91
52540
1089
71
52560
1068
65
52580
1055
61
52600
1029
54
52620
1003
42
52640
990
30
52660
978
27
52680
