1510
179
52740
1496
192
52760
1484
203
52780
1470
213
52800
1474
249
52820
1483
260
52840
1428
250
52860
1413
275
52880
1390
289
52900
1380
300
52920
1354
307
52940
1320
320
52960
1308
344
52980
1279
374
53000
1266
385
53020
1259
395
53040
1251
414
53060
1239
432
53080
1228
453
53100
1218
473
53120
1209
497
53140
1191
524
53160
1171
552
53180
1155
578
53200
1134
604
53220
1104
628
53240
1067
652
53260
1026
676
53280
991
707
53300
947
737
53320
898
759
53340
842
788
53360
783
815
53380
717
845
53400
665
875
53420
610
909
53440
565
953
53460
515
988
53480
454
1024
53500
394
1061
53520
