1500
175
52940
1476
179
52960
1453
195
52980
1439
198
53000
1421
211
53020
1400
231
53040
1389
239
53060
1377
252
53080
1371
272
53100
1356
288
53120
1336
300
53140
1324
315
53160
1319
334
53180
1310
346
53200
1285
368
53220
1272
386
53240
1258
402
53260
1258
421
53280
1247
438
53300
1239
459
53320
1227
485
53340
1216
509
53360
1203
538
53380
1188
564
53400
1169
588
53420
1146
618
53440
1114
644
53460
1082
664
53480
1044
688
53500
995
716
53520
958
740
53540
907
765
53560
876
789
53580
826
813
53600
775
849
53620
730
886
53640
691
920
53660
653
960
53680
599
1004
53700
563
1034
53720
