514
139
53200
520
153
53220
519
168
53240
520
179
53260
524
189
53280
515
201
53300
515
210
53320
520
232
53360
524
243
53380
528
256
53400
543
251
53420
550
260
53440
554
267
53460
544
272
53900
551
277
53980
532
299
54060
510
319
54120
487
310
54740
461
322
55080
449
326
55640
422
321
55720
388
325
56260
344
336
56680
423
352
57600
446
363
57660
490
378
57740
520
385
57800
559
409
57840
586
419
57900
606
417
57920
620
417
57940
622
405
57960
627
384
58000
621
376
58020
620
369
58040
618
361
58080
620
350
58100
620
353
58120
629
339
58140
651
326
58160
661
316
58180
700
310
58200
734
301
58220
769
299
58240
798
292
58260
835
285
58280
865
277
58300
890
275
58320
926
267
58340
958
256
58360
982
249
58380
1007
246
58400
1037
242
58420
1060
232
58440
1081
224
58460
1102
220
58480
1129
205
58500
1150
202
58520
1163
190
58540
1178
178
58560
1183
172
58580
1181
162
58600
1185
158
58620
1193
148
58640
1193
137
58660
1198
119
58680
1201
113
58700
1199
108
58720
1197
103
58740
1199
96
58760
1199
85
58780
1190
74
58800
1190
62
58820
1182
46
58840
