1490
229
53300
1476
252
53320
1449
275
53340
1433
277
53360
1417
290
53380
1405
302
53400
1397
314
53420
1391
340
53440
1398
346
53460
1398
361
53480
1395
377
53500
1393
400
53520
1392
411
53540
1382
431
53560
1367
454
53580
1340
460
53600
1332
485
53620
1307
500
53640
1288
520
53660
1273
540
53680
1244
554
53700
1220
578
53720
1198
596
53740
1180
616
53760
1168
639
53780
1106
690
53840
1046
738
53880
1008
764
53900
983
792
53920
895
822
53960
853
832
53980
816
855
54000
795
886
54020
771
910
54040
736
945
54060
705
978
54080
666
989
54100
620
985
54120
593
1017
54140
547
1039
54160
505
1076
54180
