587
132
53520
594
91
53540
586
162
53560
582
190
53600
581
198
53620
577
228
53640
577
234
53660
577
250
53680
587
269
53700
610
281
53720
611
286
53740
567
295
53780
561
313
53800
558
319
53820
558
328
53840
527
331
53900
520
330
53920
504
329
53940
495
323
53960
492
320
53980
489
314
54000
490
297
54060
491
297
54120
492
355
55560
468
376
55580
448
435
55620
429
471
55640
414
483
55660
381
509
55700
360
521
55720
304
522
55740
187
526
55760
158
526
55780
112
526
55800
59
526
55820
39
172
55840
