1208
92
54320
1206
88
54340
1207
85
54360
1203
80
54380
1203
73
54400
1212
70
54420
1220
69
54440
1232
68
54680
1230
77
54700
1234
86
54720
1236
100
54740
1236
109
54760
1241
124
54780
1245
133
54800
1246
145
54820
1245
155
54840
1246
173
54860
1247
185
54880
1238
198
54900
1232
209
54920
1223
223
54940
1219
236
54960
1215
245
54980
1222
253
55000
1221
258
55020
1220
262
55040
1205
272
55060
1190
281
55080
1175
292
55100
1158
304
55120
1137
314
55140
1114
324
55160
1093
334
55180
1064
344
55200
1040
351
55220
1027
361
55240
1011
378
55260
997
398
55280
985
419
55300
969
438
55320
952
457
55340
923
474
55360
863
501
55400
796
523
55900
771
533
55920
748
539
55940
731
556
55960
714
577
55980
710
599
56000
705
618
56020
698
640
56040
696
662
56060
688
679
56080
672
707
56100
660
734
56120
641
763
56140
611
790
56160
585
817
56180
559
844
56200
529
868
56220
486
893
56240
456
924
56260
425
959
56280
387
994
56300
354
1039
56320
316
1076
56340
