1889
842
53660
1841
825
53680
1781
814
53700
1730
800
53720
1691
778
53740
1644
755
53760
1600
735
53780
1556
710
53800
1517
680
53820
1486
657
53840
1459
634
53860
1426
607
53880
1398
588
53900
1379
566
53920
1356
545
53940
1314
524
53960
1282
504
53980
1238
488
54000
1206
476
54020
1171
456
54040
1135
443
54060
1106
423
54080
1079
414
54100
1048
397
54120
1015
378
54140
985
372
54160
953
353
54180
923
344
54200
892
339
54220
868
328
54240
840
314
54260
813
300
54280
791
293
54300
773
283
54320
753
268
54340
731
257
54360
712
242
54380
696
228
54400
697
214
54420
685
203
54440
668
194
54460
639
187
54480
624
179
54500
620
164
54520
624
151
54540
623
144
54560
623
134
54580
627
123
54600
635
111
54620
634
101
54640
635
92
54660
638
81
54680
644
71
54700
