146
617
54400
201
623
54420
257
625
54440
322
621
54460
380
625
54480
441
635
54500
498
630
54520
553
635
54540
612
640
54560
671
651
54580
727
657
54600
784
663
54620
844
674
54640
904
665
54660
961
659
54680
1022
650
54700
1085
648
54720
1137
646
54740
1201
644
54760
1258
648
54780
1320
645
54800
1376
642
54820
1433
638
54840
1491
641
54860
1548
640
54880
1606
650
54900
1661
644
54920
1714
649
54940
1773
653
54960
