91
546
54400
145
547
54420
199
553
54440
247
554
54460
294
557
54480
339
562
54500
386
561
54520
435
556
54540
488
554
54560
540
546
54580
584
539
54600
636
534
54620
679
526
54640
718
523
54660
738
512
54680
775
515
54700
807
519
54720
984
526
55100
990
522
55120
999
520
55140
1008
516
55160
1014
512
55180
1032
516
55820
1036
508
55840
1042
511
55860
1013
525
55900
992
530
55920
1008
529
55960
1019
529
55980
1038
541
56000
1059
553
56020
1072
572
56040
1067
591
56060
1052
613
56080
1018
628
56100
976
641
56120
932
654
56140
886
660
56160
837
657
56180
791
645
56200
745
634
56220
711
619
56240
702
599
56260
700
574
56280
694
554
56300
680
529
56320
670
514
56340
658
487
56360
656
475
56380
655
455
56400
642
434
56420
628
420
56440
619
398
56460
614
380
56480
606
361
56500
600
345
56520
596
331
56540
586
319
56560
572
307
56580
545
303
56600
520
299
56620
496
298
56640
477
298
56660
458
302
56680
428
298
56980
374
301
58000
356
303
58260
383
309
59060
409
311
59080
436
309
59100
441
301
59120
489
313
59140
514
313
59160
523
321
59180
547
334
59200
575
335
59220
599
347
59240
622
360
59260
642
374
59280
659
391
59300
679
405
59320
698
419
59340
709
429
59360
724
438
59380
730
450
59400
730
468
59420
728
485
59440
724
500
59460
724
515
59480
732
526
59500
730
535
59520
758
529
59900
789
533
59920
795
539
60460
774
547
60480
751
550
60500
726
568
60520
707
583
60540
702
607
60560
702
644
60580
698
669
60600
695
704
60620
693
747
60640
701
780
60660
716
822
60680
730
860
60700
735
902
60720
738
952
60740
735
1002
60760
741
1051
60780
