517
108
55300
520
121
55320
520
133
55340
521
149
55360
519
158
55380
529
174
55400
531
183
55420
532
197
55440
534
213
55460
533
227
55480
535
239
55500
529
254
55520
526
278
55540
524
295
55560
504
309
55580
488
324
55600
477
343
55620
460
367
55640
450
387
55660
441
406
55680
429
432
55700
414
453
55720
400
473
55740
383
499
55760
366
524
55780
348
544
55800
331
576
55820
321
604
55840
297
638
55860
274
666
55880
264
700
55900
243
730
55920
218
768
55940
201
798
55960
174
839
55980
162
884
56000
142
925
56020
115
965
56040
87
1012
56060
