1275
71
55020
1278
82
55040
1289
96
55060
1289
100
55080
1293
114
55100
1299
130
55120
1297
142
55160
1310
171
55200
1311
195
55240
1319
219
55260
1321
227
55280
1320
233
55300
1332
250
55320
1335
265
55340
1334
281
55360
1336
313
55400
1337
329
55420
1339
342
55440
1347
357
55460
1353
372
55480
1359
389
55500
1364
415
55520
1371
429
55540
1375
454
55560
1382
473
55580
1394
502
55600
1406
517
55620
1405
534
55640
1415
556
55660
1417
589
55680
1427
607
55700
1433
636
55720
1446
661
55740
1451
698
55760
1456
726
55780
1459
758
55800
1471
790
55820
1484
825
55840
1507
863
55860
1524
897
55880
1538
943
55900
1546
983
55920
1569
1023
55940
1578
1072
55960
