1511
180
55360
1498
187
55380
1480
192
55400
1474
208
55420
1466
216
55440
1458
227
55460
1460
245
55480
1450
252
55500
1439
277
55520
1427
287
55540
1418
308
55560
1412
325
55580
1396
340
55600
1384
358
55620
1361
374
55640
1343
393
55660
1335
417
55680
1317
437
55700
1303
456
55720
1282
474
55740
1265
492
55760
1243
521
55780
1225
541
55800
1196
569
55820
1172
595
55840
1147
625
55860
1126
657
55880
1090
686
55900
1066
714
55920
1038
752
55940
1006
786
55960
967
821
55980
929
859
56000
881
894
56020
844
939
56040
802
977
56060
752
1021
56080
699
1067
56100
