1486
220
56280
1449
206
56300
1420
205
56320
1386
198
56340
1348
201
56360
1317
202
56380
1283
206
56400
1245
208
56420
1211
207
56440
1170
205
56460
1138
205
56480
1099
211
56500
1062
214
56520
1025
210
56540
988
215
56560
953
218
56580
917
213
56600
881
215
56620
842
212
56640
802
212
56660
766
212
56680
728
210
56700
694
207
56720
661
202
56740
626
197
56760
598
188
56780
582
174
56800
578
165
56820
569
152
56840
570
140
56860
564
127
56880
567
115
56900
564
102
56920
557
92
56940
555
80
56960
556
73
56980
553
62
57000
