1709
1040
56400
1643
986
56420
1577
930
56440
1533
881
56460
1491
841
56480
1429
798
56500
1385
754
56520
1342
716
56540
1313
690
56560
1265
648
56580
1233
610
56600
1205
585
56620
1160
562
56640
1118
528
56660
1079
502
56680
1032
486
56700
995
460
56720
960
434
56740
926
415
56760
893
384
56780
868
368
56800
837
347
56820
797
328
56840
762
307
56860
730
290
56880
708
276
56900
679
254
56920
658
241
56940
630
224
56960
607
204
56980
590
193
57000
579
175
57020
574
165
57040
573
148
57060
580
130
57080
580
117
57100
577
98
57120
570
86
57140
560
74
57160
563
60
57180
563
57
57200
