1551
1032
56380
1534
1056
56400
1515
1025
56420
1496
1000
56440
1472
889
56460
1447
849
56480
1421
818
56500
1399
786
56520
1369
757
56540
1340
727
56560
1309
702
56580
1286
670
56600
1263
645
56620
1244
619
56640
1225
591
56660
1213
567
56680
1202
545
56700
1204
516
56720
1193
492
56740
1181
474
56760
1148
459
56780
1116
438
56800
1097
422
56820
1086
402
56840
1072
382
56860
1053
364
56880
1041
344
56900
1031
324
56920
1019
311
56940
1011
292
56960
1002
277
56980
993
260
57000
990
250
57020
989
233
57040
985
220
57060
975
208
57080
963
192
57100
959
180
57120
958
176
57140
952
175
57160
941
184
57180
955
182
57200
970
172
57220
