1218
81
57280
1213
85
57300
1214
96
57320
1218
108
57340
1208
118
57360
1204
129
57380
1204
135
57400
1205
155
57420
1199
163
57440
1204
158
57460
1206
167
57480
1203
173
57500
1202
181
57520
1201
175
57540
1213
171
57560
1225
169
57580
1240
160
57600
1245
156
57620
1246
138
57640
1254
133
57660
1259
128
57680
1266
131
57720
1270
131
58160
1268
131
58180
1279
132
58200
1284
130
58220
1277
130
58240
1280
130
58260
1285
139
58380
1285
139
58400
1286
144
58420
1282
156
58440
1288
163
58460
1289
166
58480
1290
164
58500
1292
165
58540
1288
164
58560
1288
167
58580
1288
169
58600
1283
180
58620
1283
189
58640
1267
195
58660
1267
197
58680
1265
208
58700
1262
214
58720
1262
220
58740
1248
230
58760
1248
234
58780
1248
233
58800
1247
237
58820
1247
238
58840
1246
234
58860
1232
239
58880
1212
244
58900
1188
263
58920
1174
265
58940
1147
279
58960
1117
290
58980
1085
296
59000
1056
305
59020
1020
316
59040
985
324
59060
949
325
59080
907
328
59100
869
336
59120
834
344
59140
796
359
59160
760
368
59180
725
381
59200
690
384
59220
651
398
59240
616
408
59260
575
421
59280
538
430
59300
492
441
59320
449
454
59340
403
460
59360
358
466
59380
311
478
59400
264
485
59420
216
492
59440
154
496
59460
104
503
59480
58
504
59500
10
503
59520
