1534
344
57000
1503
373
57020
1485
382
57040
1473
376
57060
1453
386
57080
1434
401
57100
1417
416
57120
1389
444
57140
1365
468
57160
1343
485
57180
1333
489
57200
1305
504
57220
1292
521
57240
1267
535
57260
1244
555
57280
1215
571
57300
1172
591
57320
1136
603
57340
1123
631
57360
1102
656
57380
1078
676
57400
1043
696
57420
1005
721
57440
962
746
57460
922
772
57480
876
794
57500
838
823
57520
801
841
57540
752
877
57560
722
905
57580
683
934
57600
630
964
57620
578
994
57640
522
1024
57660
465
1062
57680
