1502
229
56840
1472
226
56860
1439
226
56880
1405
225
56900
1371
224
56920
1335
224
56940
1297
239
56960
1261
245
56980
1224
244
57000
1186
244
57020
1148
240
57040
1113
226
57060
1072
226
57080
1033
220
57100
999
216
57120
955
211
57140
918
210
57160
877
211
57180
842
211
57200
805
211
57220
771
207
57240
734
202
57260
702
201
57280
673
196
57300
644
193
57320
621
179
57340
602
172
57360
596
162
57380
596
148
57400
605
137
57420
606
129
57440
604
113
57460
597
101
57480
594
92
57500
589
85
57520
577
71
57540
574
61
57560
577
61
57580
