719
1020
57520
725
1010
57540
710
975
57560
701
939
57580
684
897
57600
665
862
57620
644
824
57640
622
792
57660
605
757
57680
593
723
57700
585
694
57720
577
662
57740
566
636
57760
554
606
57780
545
579
57800
542
553
57820
536
528
57840
530
507
57860
528
484
57880
532
464
57900
537
445
57920
538
426
57940
537
406
57960
537
388
57980
536
369
58000
526
324
58020
516
314
58040
519
287
58060
515
280
58080
497
264
58100
489
255
58120
478
256
58140
461
249
58160
452
251
58180
450
255
58200
450
257
58700
440
257
58720
445
255
58760
440
255
59020
425
255
59040
428
252
59060
428
253
59580
419
257
59600
402
254
59620
387
251
59640
382
254
60260
382
252
60280
400
254
60300
425
242
60320
440
229
60340
448
218
60360
456
202
60380
458
198
60400
470
180
60420
473
170
60440
477
158
60460
468
151
60480
476
136
60500
475
127
60520
475
110
60540
476
104
60560
484
83
60600
482
76
60620
486
60
60640
486
58
60660
