1623
338
57440
1607
355
57460
1588
370
57480
1566
382
57500
1540
397
57520
1517
411
57540
1497
428
57560
1477
444
57580
1456
461
57600
1435
481
57620
1415
497
57640
1390
517
57660
1363
531
57680
1339
555
57700
1318
577
57720
1292
603
57740
1260
625
57760
1230
656
57780
1201
679
57800
1163
708
57820
1122
729
57840
1077
757
57860
1037
782
57880
993
810
57900
941
833
57920
880
837
57940
831
862
57960
777
892
57980
730
920
58000
687
962
58020
644
995
58040
591
1030
58060
532
1062
58080
