948
1049
58240
947
1023
58260
931
997
58280
928
971
58300
936
959
58320
942
947
58340
950
943
58360
952
945
58380
965
945
58400
988
946
58420
992
939
58440
998
936
58460
997
936
58480
988
932
58500
985
928
58520
973
913
58540
963
898
58560
963
884
58580
965
880
58600
963
887
58620
965
881
58640
968
881
58660
971
879
58680
973
876
58700
965
882
58720
958
876
58740
961
871
58760
981
860
58780
977
868
58800
978
877
58820
981
881
58840
970
894
58860
975
904
58880
969
904
58900
975
900
58920
978
895
58940
978
898
58960
978
900
58980
976
901
59000
979
910
59020
976
900
59040
978
898
59060
977
901
59080
981
898
59100
981
898
59120
978
900
59140
981
903
59160
978
892
59180
978
898
59200
980
903
59220
979
903
59240
978
902
59280
978
898
59320
966
893
59340
961
884
59360
955
851
59380
951
805
59420
941
783
59440
934
753
59460
925
736
59480
920
714
59500
922
689
59520
924
672
59540
929
657
59560
928
643
59580
929
648
59600
929
649
59680
924
657
59700
925
661
59720
930
673
59740
940
677
59760
952
686
59780
970
694
59800
973
704
59820
993
715
59840
1000
728
59860
1008
727
59880
1012
741
59900
1018
742
59920
1017
740
59940
1018
738
59960
1024
741
60060
1041
738
60080
1067
733
60100
1083
728
60120
1107
718
60140
1112
724
60160
1112
721
60180
1116
720
60200
1114
724
60220
1115
722
60260
1116
723
60280
1119
733
60300
1116
724
60320
1112
719
60340
1117
721
60360
1115
726
60380
1122
734
60400
1133
727
60420
1164
715
60440
1207
708
60460
1250
699
60480
1295
689
60500
1342
681
60520
1387
670
60540
1432
675
60560
1482
670
60580
1539
661
60600
1586
653
60620
1626
644
60640
1672
635
60660
1717
626
60680
1760
622
60700
