1830
1020
57940
1815
1011
57960
1809
975
57980
1794
945
58000
1785
908
58020
1772
879
58040
1763
845
58060
1746
797
58080
1724
772
58100
1716
745
58120
1716
737
58140
1713
710
58160
1696
689
58180
1685
674
58200
1671
649
58220
1653
633
58240
1634
607
58260
1621
593
58280
1611
574
58300
1603
550
58320
1595
533
58340
1586
514
58360
1582
506
58380
1571
481
58400
1558
456
58420
1560
446
58440
1566
436
58460
1586
414
58480
1604
410
58500
