1009
1016
58060
1046
966
58080
1074
920
58100
1101
884
58120
1122
845
58140
1142
812
58160
1157
771
58180
1165
740
58200
1178
713
58220
1188
676
58240
1192
647
58260
1198
622
58280
1204
585
58300
1204
562
58320
1198
533
58340
1205
509
58360
1201
483
58380
1200
457
58400
1195
433
58420
1197
409
58440
1195
387
58460
1195
369
58480
1201
345
58500
1204
333
58520
1203
313
58540
1204
288
58560
1202
281
58580
1203
258
58600
1204
244
58620
1203
227
58640
1213
214
58660
1212
200
58680
1215
185
58700
1218
174
58720
1225
161
58740
1225
146
58760
1223
124
58780
1225
114
58800
1237
106
58820
1229
93
58840
1239
86
58860
1242
76
58880
