722
1027
58580
752
1022
58600
789
997
58620
829
978
58640
861
954
58660
885
926
58680
907
897
58700
942
875
58720
974
852
58740
1003
832
58760
1034
812
58780
1067
796
58800
1090
774
58820
1104
751
58840
1120
731
58860
1124
707
58880
1135
684
58900
1139
658
58920
1159
636
58940
1184
628
58960
1191
609
58980
1200
591
59000
1209
574
59020
1216
556
59040
1224
540
59060
1236
508
59080
1243
485
59100
1254
477
59120
1263
458
59140
1268
448
59160
1272
436
59180
1274
419
59200
1274
402
59220
1275
392
59240
1275
382
59260
1285
364
59280
1288
347
59300
1290
337
59320
1285
328
59340
1286
315
59360
1293
301
59380
1296
294
59400
1301
282
59420
1305
273
59440
1297
259
59460
1295
244
59480
1295
237
59500
1291
221
59520
1288
217
59540
1279
206
59560
1265
198
59580
1257
186
59600
1251
177
59620
1249
170
59640
1245
154
59660
1244
145
59680
1238
135
59700
1237
133
59720
1234
119
59740
1233
110
59760
1232
104
59780
1233
98
59800
1233
87
59820
1227
82
59840
1219
74
59860
1215
69
59880
