1851
848
59520
1783
852
59540
1721
849
59560
1646
839
59580
1582
836
59600
1513
836
59620
1448
827
59640
1392
816
59660
1341
791
59680
1284
770
59700
1208
767
59720
1145
756
59740
1081
752
59760
1008
744
59780
937
743
59800
873
740
59820
804
742
59840
738
740
59860
672
748
59880
617
737
59900
568
712
59920
513
693
59940
451
676
59960
398
660
59980
341
652
60000
286
637
60020
232
627
60040
175
610
60060
124
596
60080
75
582
60100
12
567
60120
