1545
349
59460
1526
369
59480
1512
375
59500
1495
394
59520
1486
405
59540
1478
423
59560
1466
442
59580
1454
453
59600
1435
470
59620
1414
482
59640
1398
497
59660
1383
518
59680
1364
530
59700
1336
541
59720
1301
557
59740
1270
565
59760
1232
578
59780
1196
595
59800
1154
611
59820
1114
628
59840
1076
644
59860
1042
655
59880
995
667
59900
957
662
59920
918
664
59940
893
657
59960
884
648
59980
882
649
60040
874
658
60060
856
676
60080
867
701
60100
889
721
60120
911
744
60140
939
775
60160
968
804
60180
995
833
60200
1029
865
60220
1053
891
60240
1095
925
60260
1133
957
60280
1173
990
60300
1204
1037
60320
