544
84
60700
553
97
60720
561
109
60740
566
120
60760
567
136
60780
575
151
60800
580
167
60820
590
175
60840
610
191
60860
632
207
60880
662
214
60900
694
230
60920
728
242
60940
756
258
60960
795
267
60980
826
279
61000
861
290
61020
897
305
61040
941
317
61060
976
331
61080
1020
352
61100
1054
367
61120
1095
389
61140
1144
409
61160
1195
428
61180
1241
442
61200
1297
463
61220
1352
475
61240
1409
500
61260
1465
508
61280
1514
516
61300
1565
536
61320
1624
545
61340
1665
552
61360
1720
574
61380
1759
563
61400
