1852
854
60560
1799
817
60580
1761
789
60600
1730
747
60620
1704
712
60640
1669
685
60660
1636
650
60680
1615
622
60700
1591
588
60720
1570
559
60740
1555
535
60760
1542
515
60780
1538
482
60800
1533
457
60820
1519
438
60840
1512
414
60860
1502
394
60880
1486
369
60900
1475
348
60920
1461
323
60940
1445
312
60960
1435
289
60980
1426
270
61000
1411
256
61020
1401
237
61040
1390
218
61060
1377
204
61080
1372
188
61100
1360
171
61120
1350
153
61140
1351
146
61160
1340
130
61180
1334
119
61200
1324
108
61220
1315
95
61240
1315
88
61260
1307
74
61280
