1880
845
60760
1810
819
60780
1748
789
60800
1697
761
60820
1642
727
60840
1591
688
60860
1542
662
60880
1487
639
60900
1433
611
60920
1384
583
60940
1344
557
60960
1298
534
60980
1252
512
61000
1210
487
61020
1168
466
61040
1131
447
61060
1091
427
61080
1055
404
61100
1013
388
61120
976
375
61140
932
356
61160
893
338
61180
868
328
61200
829
307
61220
799
293
61240
763
279
61260
726
267
61280
698
257
61300
665
247
61320
638
232
61340
616
220
61360
595
204
61380
577
192
61400
570
179
61420
556
164
61440
540
155
61460
528
134
61480
520
123
61500
517
113
61520
508
96
61540
507
86
61560
507
70
61580
507
63
61600
