693
1014
61080
736
983
61100
778
953
61120
816
927
61140
850
895
61160
887
864
61180
927
845
61200
952
815
61220
980
783
61240
1005
758
61260
1043
735
61280
1070
710
61300
1086
684
61320
1102
651
61340
1115
628
61360
1119
597
61380
1133
577
61400
1151
557
61420
1160
541
61440
1158
517
61460
1161
488
61480
1164
468
61500
1160
443
61520
1159
426
61540
1155
406
61560
1144
394
61580
1147
369
61600
1161
357
61620
1165
340
61640
1175
326
61660
1183
311
61680
1191
294
61700
1194
277
61720
1202
262
61740
1205
252
61760
1211
238
61780
1215
228
61800
1222
217
61820
1229
203
61840
1224
194
61860
1217
173
61880
1219
163
61900
1215
155
61920
1213
138
61940
1213
131
61960
1205
119
61980
1207
111
62000
1209
103
62020
1206
93
62040
1205
80
62060
1200
69
62080
