1825
1005
61380
1774
1022
61400
1721
1029
61420
1665
1017
61440
1609
1006
61460
1555
995
61480
1503
997
61500
1447
1004
61520
1366
972
61540
1302
977
61560
1262
974
61580
1227
967
61600
1169
951
61620
1108
930
61640
1050
914
61660
989
898
61680
933
891
61700
875
872
61720
816
865
61740
767
852
61760
712
845
61780
647
838
61800
589
830
61820
544
819
61840
496
809
61860
453
790
61880
419
772
61900
376
752
61920
331
731
61940
292
718
61960
259
701
61980
219
677
62000
184
663
62020
140
655
62040
116
646
62060
