667
990
62460
654
955
62480
638
919
62500
621
883
62520
607
850
62540
597
814
62560
595
780
62580
590
745
62600
576
717
62620
553
690
62640
522
668
62660
486
651
62680
446
630
62700
398
618
62720
362
606
62740
327
598
62760
305
580
62780
319
558
62800
340
531
62820
374
510
62840
394
486
62860
415
461
62880
440
441
62900
465
418
62920
487
396
62940
509
376
62960
527
359
62980
549
336
63000
572
327
63020
586
307
63040
607
289
63060
621
271
63080
635
257
63100
648
242
63120
658
226
63140
664
215
63160
680
195
63180
694
181
63200
697
167
63220
705
149
63240
709
139
63260
711
124
63280
705
116
63300
706
102
63320
706
93
63340
707
76
63360
707
70
63380
727
66
63400
756
60
63420
779
55
63440
795
46
63460
804
44
63480
