583
171
62400
595
189
62420
605
201
62440
626
219
62460
651
226
62480
676
237
62500
705
243
62520
727
258
62540
761
266
62560
799
284
62580
831
290
62600
867
301
62620
902
313
62640
933
327
62660
961
343
62680
994
361
62700
1019
375
62720
1054
391
62740
1090
410
62760
1122
431
62780
1157
447
62800
1193
469
62820
1227
487
62840
1274
505
62860
1319
515
62880
1376
529
62900
1421
545
62920
1466
556
62940
1517
575
62960
1572
585
62980
1618
606
63000
1665
630
63020
1722
644
63040
1772
658
63060
