566
158
63100
583
170
63120
595
180
63140
617
209
63160
641
216
63180
656
246
63200
680
245
63220
701
255
63240
721
264
63260
737
276
63280
759
287
63300
776
296
63320
803
312
63340
822
321
63360
837
335
63380
855
350
63400
879
363
63420
908
375
63440
937
387
63460
966
402
63480
999
413
63500
1034
425
63520
1066
440
63540
1097
441
63560
1130
451
63580
1173
450
63600
1211
463
63620
1246
474
63640
1281
489
63660
1319
505
63680
1350
519
63700
1393
534
63720
1422
547
63740
1468
561
63760
1510
572
63780
1550
577
63800
1599
572
63820
1641
576
63840
1677
568
63860
1712
566
63880
1747
565
63900
1782
567
63920
