1857
840
63840
1821
838
63860
1779
838
63880
1738
837
63900
1699
834
63920
1655
832
63940
1615
831
63960
1577
833
63980
1536
826
64000
1496
820
64020
1458
820
64040
1423
811
64060
1398
811
64080
1389
811
64100
1391
812
65320
1381
807
65340
1387
815
66040
1384
805
67240
1387
814
67260
1363
804
67560
1334
799
67580
1311
795
67600
1276
785
67620
1238
778
67640
1183
764
67660
1130
749
67680
1070
728
67700
1015
720
67720
956
710
67740
905
702
67760
842
680
67780
783
662
67800
729
640
67820
699
618
67840
687
589
67860
694
568
67880
695
539
67900
693
521
67920
699
505
67940
690
484
67960
666
463
67980
642
445
68000
622
422
68020
613
404
68040
607
387
68060
605
370
68080
602
350
68100
595
339
68120
591
322
68140
594
308
68160
599
294
68180
613
281
68200
626
267
68220
632
257
68240
631
241
68260
630
228
68280
620
218
68300
617
209
68320
610
200
68340
602
189
68360
598
177
68380
595
161
68400
604
152
68420
610
143
68440
616
132
68460
616
118
68480
624
110
68500
623
101
68520
621
92
68540
609
79
68560
599
71
68580
591
62
68600
