1600
389
64460
1545
380
64480
1501
375
64500
1447
368
64520
1396
361
64540
1350
349
64560
1300
340
64580
1245
328
64600
1204
321
64620
1156
309
64640
1105
301
64660
1063
294
64680
1018
283
64700
971
272
64720
926
266
64740
886
258
64760
843
249
64780
806
242
64800
766
234
64820
730
226
64840
696
217
64860
667
203
64880
641
190
64900
625
175
64920
617
161
64940
611
150
64960
607
135
64980
602
121
65000
602
106
65020
600
92
65040
600
83
65060
598
72
65080
595
60
65100
