1869
855
65300
1824
845
65320
1770
825
65340
1717
806
65360
1665
785
65380
1611
767
65400
1556
756
65420
1491
737
65440
1442
735
65460
1391
726
65480
1342
708
65500
1292
681
65520
1249
666
65540
1207
640
65560
1169
619
65580
1140
591
65600
1117
570
65620
1077
544
65640
1041
523
65660
1000
508
65680
958
489
65700
930
472
65720
900
456
65740
866
439
65760
838
414
65780
805
399
65800
783
380
65820
763
359
65840
743
345
65860
715
323
65880
693
313
65900
669
294
65920
650
281
65940
632
263
65960
620
258
65980
606
239
66000
591
224
66020
578
206
66040
574
195
66060
569
183
66080
576
167
66100
576
148
66120
585
143
66140
588
130
66160
592
117
66180
599
106
66200
603
97
66220
604
80
66240
596
73
66260
600
65
66280
