1820
805
65480
1770
787
65500
1727
764
65520
1678
742
65540
1629
718
65560
1590
689
65580
1555
663
65600
1516
633
65620
1478
607
65640
1434
582
65660
1399
560
65680
1364
534
65700
1327
508
65720
1296
484
65740
1265
460
65760
1232
442
65780
1204
425
65800
1181
405
65820
1152
382
65840
1133
363
65860
1107
344
65880
1078
329
65900
1062
312
65920
1040
298
65940
1013
276
65960
994
265
65980
968
249
66000
944
231
66020
928
219
66040
913
207
66060
904
196
66080
885
179
66100
883
175
66120
882
176
66140
880
180
66160
876
183
66180
876
183
66200
861
181
66220
856
183
66240
831
177
66260
