157
991
65800
180
940
65820
208
900
65840
236
858
65860
268
817
65880
297
781
65900
312
745
65920
326
708
65940
342
675
65960
360
642
65980
379
613
66000
398
584
66020
414
555
66040
420
528
66060
422
501
66080
427
480
66100
435
452
66120
446
432
66140
460
410
66160
470
387
66180
479
365
66200
487
350
66220
497
326
66240
502
313
66260
501
294
66280
501
276
66300
497
260
66320
492
244
66340
485
229
66360
479
216
66380
476
199
66400
474
185
66420
473
172
66440
477
161
66460
479
145
66480
484
136
66500
486
121
66520
486
112
66540
490
101
66560
494
85
66580
493
79
66600
488
70
66620
485
58
66640
