1588
366
66240
1560
379
66260
1521
372
66280
1480
362
66300
1428
346
66320
1388
338
66340
1344
326
66360
1304
318
66380
1266
308
66400
1233
299
66420
1195
294
66440
1158
293
66460
1121
287
66480
1082
278
66500
1046
275
66520
1008
264
66540
972
263
66560
933
255
66580
902
245
66600
871
236
66620
837
233
66640
799
223
66660
768
221
66680
735
215
66700
702
206
66720
674
201
66740
650
192
66760
631
179
66780
616
164
66800
615
157
66820
617
144
66840
616
132
66860
617
120
66880
624
107
66900
621
95
66920
620
85
66940
619
75
66960
619
64
66980
