1641
1032
66180
1637
998
66200
1636
957
66220
1623
920
66240
1612
888
66260
1599
856
66280
1585
825
66300
1559
794
66320
1535
762
66340
1514
728
66360
1500
702
66380
1478
675
66400
1461
642
66420
1446
616
66440
1428
590
66460
1410
563
66480
1388
541
66500
1370
518
66520
1350
500
66540
1329
474
66560
1321
458
66580
1306
438
66600
1295
415
66620
1281
396
66640
1264
377
66660
1246
358
66680
1225
344
66700
1206
325
66720
1192
308
66740
1175
294
66760
1149
280
66780
1131
266
66800
1118
247
66820
1110
237
66840
1102
218
66860
1097
206
66880
1099
193
66900
1092
175
66920
1095
166
66940
1094
152
66960
1096
141
66980
1091
129
67000
1089
119
67020
1092
106
67040
1092
93
67060
1091
85
67080
1084
66
67100
1061
73
67120
1029
53
67140
1003
48
67160
