1890
993
65840
1862
961
65860
1842
928
65880
1819
901
65900
1792
871
65920
1767
839
65940
1729
813
65960
1700
787
65980
1680
758
66000
1657
733
66020
1635
706
66040
1611
681
66060
1587
659
66080
1565
636
66100
1535
616
66120
1510
593
66140
1489
573
66160
1461
554
66180
1433
530
66200
1417
515
66220
1393
493
66240
1375
473
66260
1362
458
66280
1339
441
66300
1318
423
66320
1303
402
66340
1282
390
66360
1266
374
66380
1252
354
66400
1238
346
66420
1226
330
66440
1217
318
66460
1200
303
66480
1194
290
66500
1188
281
66520
1177
268
66540
1171
257
66560
1163
248
66580
1158
237
66600
1148
224
66620
1143
214
66640
1146
209
66660
1134
197
66680
1131
192
66700
1134
188
66720
1126
187
67060
1129
179
67080
1124
172
67100
1123
165
67120
1120
153
67140
1119
144
67160
1122
132
67180
1121
126
67200
1121
115
67220
1121
105
67240
1119
95
67260
1121
87
67280
1116
80
67300
1111
72
67320
1111
64
67340
1109
60
67360
1092
56
67380
1075
53
67400
1050
50
67420
1025
44
67440
