504
144
65840
512
154
65860
517
169
65880
521
186
65900
529
202
65920
549
212
65940
585
222
65960
624
233
65980
669
237
66000
713
249
66020
749
262
66040
784
274
66060
819
287
66080
858
307
66100
895
319
66120
929
336
66140
965
354
66160
1003
371
66180
1042
385
66200
1086
403
66220
1136
420
66240
1184
437
66260
1237
455
66280
1291
469
66300
1351
484
66320
1407
496
66340
1462
512
66360
1520
523
66380
1579
530
66400
1635
538
66420
1688
547
66440
1737
553
66460
1768
559
66480
