1158
98
66480
1156
105
66500
1158
116
66520
1161
121
66540
1163
128
66560
1165
139
66580
1168
149
66600
1169
158
66620
1175
171
66640
1177
186
66660
1175
189
66680
1165
201
66700
1163
209
66720
1162
217
66740
1157
222
66760
1127
232
66780
1088
227
66800
1056
227
66820
1021
228
66840
978
228
66860
944
225
66880
915
225
66900
878
221
66920
838
219
66940
806
213
66960
775
211
66980
738
209
67000
706
203
67020
676
193
67040
652
190
67060
630
184
67080
622
175
67100
616
164
67120
618
143
67140
623
134
67160
624
125
67180
623
114
67200
630
107
67220
633
97
67240
638
85
67260
640
82
67280
649
69
67300
