604
224
66360
619
238
66380
639
243
66400
664
249
66420
686
254
66440
701
265
66460
722
275
66480
745
285
66500
768
304
66520
795
314
66540
822
318
66560
850
334
66580
873
347
66600
893
358
66620
914
370
66640
931
389
66660
951
406
66680
974
420
66700
1000
439
66720
1022
453
66740
1041
470
66760
1064
489
66780
1082
510
66800
1103
528
66820
1109
553
66840
1121
578
66860
1133
599
66880
1151
624
66900
1160
653
66920
1179
679
66940
1193
707
66960
1205
735
66980
1224
760
67000
1243
793
67020
1272
825
67040
1294
860
67060
1319
892
67080
1338
926
67100
1369
966
67120
1385
1006
67140
1405
1042
67160
