1831
836
66500
1801
846
66520
1765
844
66540
1733
843
66560
1698
842
66580
1659
837
66600
1623
833
66620
1586
827
66640
1554
820
66660
1522
819
66680
1486
806
66700
1455
793
66720
1417
784
66740
1382
774
66760
1341
770
66780
1301
765
66800
1261
758
66820
1218
752
66840
1179
744
66860
1145
733
66880
1103
729
66900
1059
725
66920
1012
723
66940
969
716
66960
928
711
66980
877
693
67000
842
681
67020
797
676
67040
753
672
67060
714
660
67080
679
654
67100
639
644
67120
606
635
67140
572
621
67160
538
611
67180
498
603
67200
471
600
67220
434
592
67240
397
585
67260
365
576
67280
324
577
67300
286
575
67320
252
562
67340
216
561
67360
171
563
67380
136
554
67400
101
550
67420
61
547
67440
25
539
67460
