490
159
66920
494
166
66940
495
174
66960
492
188
66980
486
195
67000
485
208
67020
481
213
67040
484
222
67060
482
229
67080
486
234
67100
457
250
68160
431
256
68180
423
256
68200
395
259
68660
413
263
69660
442
259
69680
457
254
69700
471
236
69720
475
219
69740
475
218
69760
473
211
69780
484
200
69800
486
186
69820
493
178
69840
499
164
69860
504
154
69880
504
143
69900
504
135
69920
507
123
69940
508
119
69960
508
106
69980
516
101
70000
523
89
70020
524
77
70040
528
74
70060
532
65
70080
539
54
70100
