1483
1040
66780
1411
1014
66800
1350
976
66820
1286
954
66840
1215
923
66860
1154
909
66880
1095
883
66900
1046
853
66920
997
821
66940
960
795
66960
924
768
66980
886
747
67000
843
723
67020
824
704
67040
796
683
67060
776
661
67080
744
633
67100
712
606
67120
696
578
67140
673
547
67160
656
528
67180
641
492
67200
634
477
67220
632
447
67240
639
423
67260
642
405
67280
649
376
67300
647
361
67320
640
339
67340
631
323
67360
624
299
67380
620
283
67400
614
270
67420
613
246
67440
608
229
67460
605
212
67480
605
199
67500
602
185
67520
602
176
67540
610
167
67560
608
152
67580
608
141
67600
610
126
67620
610
111
67640
613
106
67660
617
92
67680
618
82
67720
621
66
67740
