1175
100
66800
1178
111
66820
1179
116
66840
1186
134
66860
1189
146
66880
1191
156
66900
1189
168
66920
1187
179
66940
1186
194
66960
1174
207
66980
1168
218
67000
1154
233
67020
1136
240
67040
1118
253
67060
1096
267
67080
1075
279
67100
1058
290
67120
1032
303
67140
1006
314
67160
974
326
67180
947
336
67200
916
344
67220
892
362
67240
875
380
67260
851
394
67280
825
415
67300
801
433
67320
774
453
67340
744
470
67360
722
494
67380
690
512
67400
665
537
67420
637
560
67440
615
582
67460
596
605
67480
570
632
67500
552
661
67520
527
693
67540
509
728
67560
481
752
67580
452
787
67600
432
820
67620
402
859
67640
379
894
67660
359
938
67680
337
977
67700
313
1024
67720
289
1069
67740
