1267
94
68040
1276
110
68060
1284
125
68080
1285
139
68100
1276
151
68120
1264
166
68140
1252
178
68160
1240
192
68180
1228
208
68200
1215
223
68220
1201
242
68240
1177
255
68260
1166
274
68280
1159
289
68300
1156
311
68320
1151
332
68340
1144
352
68360
1138
377
68380
1139
401
68400
1140
423
68420
1133
450
68440
1122
478
68460
1113
503
68480
1115
534
68500
1113
566
68520
1108
580
68540
1083
609
68560
1049
639
68580
1004
667
68600
958
685
68620
915
721
68640
869
754
68660
836
795
68680
802
837
68700
769
877
68720
731
926
68740
676
973
68760
625
1017
68780
557
1056
68800
