568
180
67460
571
197
67480
576
218
67500
585
230
67520
603
242
67540
619
257
67560
648
278
67580
677
284
67600
707
293
67620
748
307
67640
776
324
67660
816
331
67680
855
349
67700
892
361
67720
932
379
67740
977
394
67760
1021
410
67780
1064
422
67800
1109
437
67820
1154
454
67840
1195
468
67860
1243
485
67880
1298
497
67900
1352
503
67920
1410
518
67940
1464
522
67960
1526
529
67980
1575
543
68000
1636
560
68020
1688
580
68040
1738
591
68060
1791
598
68080
