1322
77
68340
1322
92
68360
1332
103
68380
1338
114
68400
1347
127
68420
1360
138
68440
1370
152
68460
1380
164
68480
1390
178
68500
1399
192
68520
1408
209
68540
1415
221
68560
1426
238
68580
1436
252
68600
1450
268
68620
1458
281
68640
1466
299
68660
1476
316
68680
1488
335
68700
1501
352
68720
1518
373
68740
1529
387
68760
1547
413
68780
1554
430
68800
1564
453
68820
1574
460
68840
1585
485
68860
1590
504
68880
1597
532
68900
1607
557
68920
1613
582
68940
1613
611
68960
1624
642
68980
1636
672
69000
1648
702
69020
1664
738
69040
1678
771
69060
1696
811
69080
1710
847
69100
1734
889
69120
1765
935
69140
1795
979
69160
1834
1027
69180
