1173
81
68380
1175
85
68400
1178
102
68420
1183
108
68440
1187
124
68460
1187
136
68480
1191
145
68500
1198
154
68520
1200
170
68540
1200
180
68560
1204
193
68580
1201
212
68600
1195
222
68620
1186
237
68640
1165
245
68660
1149
260
68680
1125
272
68700
1105
289
68720
1082
301
68740
1051
308
68760
1023
322
68780
998
333
68800
969
350
68820
950
363
68840
925
383
68860
893
389
68880
866
409
68900
844
422
68920
813
446
68940
791
462
68960
766
485
68980
746
510
69000
716
525
69020
690
551
69040
654
570
69060
631
601
69080
607
625
69100
579
652
69120
545
680
69140
513
706
69160
470
738
69180
441
767
69200
405
804
69220
372
833
69240
331
869
69260
301
907
69280
258
947
69300
214
985
69320
173
1027
69340
149
1070
69360
