1489
1009
68260
1467
966
68280
1451
920
68300
1434
879
68320
1423
831
68340
1419
787
68360
1413
747
68380
1400
710
68400
1385
677
68420
1373
640
68440
1356
614
68460
1339
582
68480
1322
549
68500
1301
523
68520
1286
505
68540
1272
471
68560
1262
453
68580
1253
431
68600
1238
409
68620
1231
383
68640
1217
369
68660
1203
347
68680
1198
328
68700
1193
309
68720
1184
293
68740
1173
273
68760
1162
259
68780
1154
243
68800
1143
230
68820
1131
213
68840
1123
204
68860
1118
184
68880
1113
166
68900
1112
143
68920
1115
121
68940
1115
101
68960
1109
87
68980
1104
69
69000
1080
66
69020
1054
60
69040
1022
48
69060
