1313
88
69420
1314
94
69440
1319
103
69460
1323
117
69480
1317
132
69500
1309
144
69520
1306
146
69540
1292
160
69560
1277
176
69580
1254
187
69600
1238
203
69620
1221
209
69640
1199
228
69660
1182
239
69680
1164
251
69700
1145
259
69720
1119
279
69740
1094
294
69760
1070
302
69780
1045
317
69800
1021
341
69820
997
351
69840
970
367
69860
933
387
69880
911
401
69900
874
418
69920
842
439
69940
817
459
69960
793
480
69980
761
500
70000
731
521
70020
710
547
70040
696
576
70060
681
604
70080
659
632
70100
633
659
70120
610
701
70140
579
733
70160
549
768
70180
508
808
70200
474
842
70220
440
886
70240
407
937
70260
382
991
70280
347
1036
70300
