1302
89
70380
1302
90
70400
1299
105
70420
1303
112
70440
1307
116
70460
1308
126
70480
1317
136
70500
1319
141
70520
1325
153
70540
1325
156
70560
1334
169
70580
1341
182
70620
1348
193
70640
1355
210
70660
1362
219
70680
1367
220
70700
1371
234
70720
1375
239
70740
1383
251
70760
1378
264
70780
1390
281
70800
1393
286
70820
1394
298
70840
1398
306
70860
1409
312
70880
1409
330
70900
1424
339
70920
1430
343
70940
1441
356
70960
1452
375
70980
1463
391
71000
1462
399
71020
1476
421
71040
1478
433
71060
1484
445
71080
1489
459
71100
1490
469
71120
1496
492
71140
1493
504
71160
1497
521
71180
1498
545
71200
1503
552
71220
1510
569
71240
1514
586
71260
1524
604
71280
1535
620
71300
1542
641
71320
1551
664
71340
1566
681
71360
1579
707
71380
1584
722
71400
1600
744
71420
1611
764
71440
1625
790
71460
1629
808
71480
1642
833
71500
1647
860
71520
1658
883
71540
1685
902
71560
1696
937
71580
1721
958
71600
1729
991
71620
1745
1021
71640
1762
1047
71660
