698
1051
69800
728
1020
69820
752
983
69840
772
941
69860
795
899
69880
820
860
69900
849
826
69920
876
793
69940
904
763
69960
935
730
69980
968
705
70000
1002
682
70020
1034
657
70040
1066
638
70060
1096
611
70080
1130
592
70100
1170
576
70120
1205
564
70140
1250
545
70160
1297
537
70180
1328
515
70200
1344
486
70220
1352
471
70240
1359
453
70260
1365
428
70280
1362
406
70300
1358
385
70320
1350
371
70340
1357
346
70360
1351
336
70380
1352
316
70400
1362
301
70420
1364
288
70440
1355
274
70460
1356
247
70480
1351
231
70500
1344
222
70520
1327
214
70540
1314
193
70560
1309
178
70580
1305
167
70600
1311
157
70620
1299
135
70640
1312
135
70660
1305
119
70680
1302
110
70700
1299
97
70720
1291
84
70740
1296
68
70760
