507
184
71940
506
214
71960
505
230
71980
500
250
72000
493
269
72020
486
290
72040
483
311
72060
480
332
72080
479
351
72100
489
374
72120
508
395
72140
527
417
72160
542
440
72180
556
465
72200
568
490
72220
573
519
72240
570
550
72260
575
583
72280
598
617
72300
638
643
72320
689
667
72340
744
687
72360
798
707
72380
852
731
72400
908
749
72420
987
755
72440
1056
781
72460
1122
812
72480
1189
850
72500
1251
898
72520
1318
943
72540
1386
987
72560
1460
1033
72580
1539
1072
72600
