415
1020
71720
436
973
71740
449
929
71760
469
872
71780
479
833
71800
492
781
71820
509
747
71840
520
701
71860
529
667
71880
546
633
71900
559
601
71920
572
569
71940
577
529
71960
589
510
71980
607
482
72000
636
449
72020
649
423
72040
659
399
72060
669
379
72080
674
358
72100
677
337
72120
682
321
72140
691
290
72160
698
276
72180
698
258
72200
700
238
72220
720
227
72240
735
216
72260
725
195
72280
733
181
72300
730
148
72320
740
129
72340
747
110
72360
755
90
72380
770
82
72400
790
62
72420
816
51
72440
