526
142
71600
524
166
71620
525
185
71640
527
204
71660
526
220
71680
532
236
71700
547
251
71720
560
267
71740
571
290
71760
584
314
71780
581
332
71800
592
349
71820
603
374
71840
619
397
71860
630
423
71880
635
455
71900
639
482
71920
639
510
71940
645
542
71960
647
571
71980
647
607
72000
659
643
72020
683
678
72040
701
708
72060
739
750
72080
772
791
72100
802
827
72120
850
869
72140
897
916
72160
942
967
72180
997
1013
72200
1052
1059
72220
