1148
97
71180
1151
102
71200
1153
114
71220
1160
123
71240
1162
133
71260
1156
131
71280
1155
146
71300
1149
151
71320
1151
163
71340
1161
172
71360
1165
181
71380
1169
181
71400
1162
197
71420
1143
200
71440
1119
205
71460
1092
209
71480
1073
215
71500
1050
220
71520
1001
226
71560
971
235
71580
957
240
71600
936
244
71620
920
257
71640
896
262
71660
878
270
71680
862
284
71700
847
294
71720
809
302
71740
800
304
71760
768
323
71780
746
336
71800
713
347
71820
705
347
71840
691
369
71860
676
374
71880
646
385
71900
627
410
71920
604
422
71940
593
434
71960
560
444
71980
535
454
72000
522
470
72020
498
488
72040
475
503
72060
440
523
72080
422
526
72100
395
548
72120
387
563
72140
363
588
72160
339
612
72180
315
613
72200
269
670
72240
240
692
72260
214
724
72280
203
735
72300
181
761
72320
166
787
72340
147
814
72360
132
853
72380
110
871
72400
87
902
72420
73
929
72440
