1309
1036
72380
1259
1011
72400
1211
987
72420
1176
951
72440
1137
923
72460
1103
882
72480
1068
854
72500
1028
830
72520
1010
775
72540
968
742
72560
933
734
72580
891
708
72600
837
683
72620
809
667
72640
781
640
72660
768
615
72680
758
586
72700
751
553
72720
748
530
72740
737
510
72760
727
484
72780
714
464
72800
700
441
72820
698
424
72840
683
404
72860
668
379
72880
666
366
72900
653
351
72920
645
334
72940
648
314
72960
653
302
72980
642
282
73000
635
276
73020
624
257
73040
620
231
73060
617
224
73080
607
207
73100
607
203
73120
601
186
73140
604
172
73160
603
162
73180
611
143
73200
612
142
73220
614
116
73240
620
118
73260
629
109
73280
631
93
73300
636
86
73320
627
79
73340
