1181
87
72980
1190
120
73000
1193
131
73020
1200
146
73040
1208
158
73060
1217
170
73080
1225
183
73100
1232
201
73120
1239
211
73140
1242
225
73160
1248
241
73180
1254
258
73200
1262
273
73220
1274
288
73240
1285
305
73260
1297
322
73280
1312
339
73300
1327
359
73320
1344
377
73340
1364
395
73360
1378
424
73380
1408
410
73400
1426
431
73420
1452
449
73440
1480
470
73460
1505
489
73480
1535
512
73500
1575
531
73520
1613
552
73540
1648
558
73560
1685
565
73580
1713
564
73600
1747
568
73620
1780
564
73640
