1210
86
73180
1207
89
73200
1223
98
73220
1225
115
73240
1227
123
73260
1223
133
73280
1228
145
73300
1219
160
73320
1212
163
73340
1213
173
73360
1216
187
73380
1210
200
73400
1216
216
73420
1218
229
73440
1218
244
73460
1222
260
73480
1225
272
73500
1232
299
73520
1234
309
73540
1249
327
73560
1256
350
73580
1260
365
73600
1270
386
73620
1279
413
73640
1287
433
73660
1299
454
73680
1297
473
73700
1296
489
73720
1302
513
73740
1314
545
73760
1321
570
73780
1327
597
73800
1336
624
73820
1337
653
73840
1336
684
73860
1345
724
73880
1353
758
73900
1377
793
73920
1401
829
73940
1417
873
73960
1434
915
73980
1457
954
74000
1475
1001
74020
1493
1042
74040
