550
182
73180
555
197
73200
565
217
73220
570
233
73240
571
248
73260
571
261
73280
562
282
73300
556
294
73320
556
316
73340
548
335
73360
553
363
73380
551
380
73400
537
403
73420
527
429
73440
514
448
73460
512
468
73480
506
493
73500
497
513
73520
480
562
73540
481
580
73560
465
606
73580
455
638
73600
450
668
73620
445
707
73640
434
751
73660
417
778
73680
411
822
73700
406
860
73720
393
894
73740
385
943
73760
372
994
73780
356
1036
73800
