1371
135
74480
1372
148
74500
1378
155
74520
1386
169
74540
1393
177
74560
1402
187
74580
1412
193
74600
1416
207
74620
1424
213
74640
1433
222
74660
1438
233
74680
1442
246
74700
1449
253
74720
1449
264
74740
1455
275
74760
1450
286
74780
1448
290
74800
1452
296
74820
1456
301
74840
1450
316
74860
1468
322
74880
1482
327
74900
1504
324
74920
1516
319
74940
1524
315
74960
1524
290
75060
1492
303
75940
1426
330
76000
1416
336
76020
1368
361
76080
1292
357
77820
1253
350
77860
1232
346
77880
1210
343
77900
1190
341
77920
1166
330
77940
1147
329
77960
1125
328
77980
1097
323
78000
1072
323
78020
1053
321
78040
1034
320
78060
1018
317
78080
997
309
78100
981
307
78120
961
305
78140
941
299
78160
927
299
78180
907
298
78200
893
298
78220
875
289
78240
860
289
78260
842
287
78280
826
285
78300
810
288
78320
797
287
78340
783
281
78360
767
280
78380
757
280
78400
737
270
78420
728
266
78440
717
266
78460
708
266
78480
706
265
78500
697
261
78520
692
254
78540
687
250
78560
681
252
78580
675
245
78600
674
244
78620
674
247
78640
673
249
78660
672
250
78700
625
244
80220
596
240
80260
567
247
80820
552
238
80840
542
235
80860
554
239
80920
598
232
80960
623
228
80980
723
222
81080
745
215
81100
790
200
81140
807
192
81160
832
187
81180
844
178
81200
847
181
81220
853
182
81240
846
182
81260
853
182
81280
854
185
81300
857
183
81320
857
183
81340
864
189
81360
881
178
81380
905
170
81400
927
175
81420
956
172
81440
