700
1045
74280
727
1046
74300
767
1013
74320
806
979
74340
840
946
74360
872
911
74380
902
881
74400
935
849
74420
967
818
74440
993
791
74460
1018
761
74480
1039
735
74500
1054
705
74520
1063
679
74540
1078
654
74560
1090
628
74580
1103
604
74600
1119
582
74620
1136
562
74640
1151
539
74660
1163
519
74680
1177
500
74700
1187
478
74720
1194
460
74740
1201
439
74760
1223
396
74780
1233
375
74800
1239
354
74820
1246
337
74840
1259
325
74860
1268
306
74880
1270
293
74900
1272
279
74920
1275
266
74940
1280
249
74960
1283
233
74980
1286
209
75020
1291
195
75040
1288
181
75060
1288
170
75080
1291
161
75100
1294
146
75120
1287
137
75140
1289
121
75160
1285
113
75180
1285
98
75200
1283
88
75220
1282
84
75240
1273
75
75260
1273
67
75280
