1862
819
75480
1800
804
75500
1748
776
75520
1707
756
75540
1653
731
75560
1606
705
75580
1557
680
75600
1518
648
75620
1475
640
75640
1418
617
75660
1376
597
75680
1332
572
75700
1286
550
75720
1245
535
75740
1204
520
75760
1158
499
75780
1115
480
75800
1071
465
75820
1035
449
75840
992
424
75860
963
406
75880
935
393
75900
913
376
75920
885
358
75940
855
344
75960
833
329
75980
795
319
76000
766
305
76020
749
288
76040
723
278
76060
708
266
76080
696
247
76100
678
237
76120
660
224
76140
648
203
76160
630
191
76180
626
182
76200
624
172
76220
617
160
76240
614
144
76260
620
131
76280
620
123
76300
616
109
76320
617
102
76340
613
88
76360
610
74
76380
615
62
76400
