1496
1042
75200
1474
994
75220
1445
943
75240
1416
903
75260
1385
857
75280
1369
814
75300
1337
778
75320
1316
737
75340
1307
703
75360
1290
666
75380
1279
635
75400
1263
601
75420
1247
576
75440
1230
544
75460
1214
513
75480
1205
490
75500
1190
460
75520
1183
437
75540
1175
413
75560
1164
389
75580
1158
368
75600
1153
346
75620
1151
330
75640
1148
307
75660
1142
288
75680
1142
277
75700
1135
256
75720
1127
244
75740
1122
223
75760
1114
198
75780
1110
187
75800
1110
163
75820
1108
140
75840
1107
120
75860
1105
102
75880
1103
85
75900
1098
71
75920
1067
64
75940
1030
56
75960
1006
46
75980
