1256
92
75660
1274
101
75680
1276
95
75700
1283
104
75720
1288
113
75740
1294
124
75760
1270
138
75780
1268
142
75800
1305
150
75820
1321
176
75860
1331
192
75900
1336
206
75920
1343
215
75940
1344
229
75960
1349
243
75980
1353
254
76000
1358
262
76020
1354
275
76040
1364
290
76060
1364
298
76080
1374
320
76100
1379
334
76120
1390
356
76140
1404
369
76160
1413
385
76180
1419
401
76200
1424
420
76220
1428
435
76240
1432
448
76260
1437
471
76280
1442
497
76300
1448
518
76320
1459
540
76340
1463
558
76360
1474
582
76380
1483
607
76400
1490
639
76420
1490
656
76440
1495
688
76460
1509
714
76480
1527
744
76500
1540
776
76520
1554
809
76540
1556
834
76560
1569
872
76580
1580
907
76600
1585
954
76620
1602
994
76640
1609
1036
76660
