457
1039
77040
477
997
77060
493
952
77080
507
905
77100
523
865
77120
537
826
77140
546
790
77160
552
755
77180
561
720
77200
568
688
77220
570
655
77240
576
626
77260
582
594
77280
586
569
77300
591
541
77320
598
516
77340
604
492
77360
603
468
77380
605
448
77400
609
425
77420
607
404
77440
605
382
77460
606
362
77480
603
344
77500
597
325
77520
593
313
77540
594
288
77560
592
271
77580
593
262
77600
590
245
77620
598
228
77640
598
213
77660
595
206
77680
585
188
77700
573
181
77720
562
167
77740
551
156
77760
535
149
77780
518
137
77800
504
129
77820
506
119
77840
507
111
77860
509
94
77880
518
87
77900
522
74
77920
527
65
77940
538
57
77960
538
62
77980
540
63
78000
547
60
78020
