1273
86
77900
1280
103
77920
1286
118
77940
1292
125
77960
1296
139
77980
1301
146
78000
1306
156
78020
1310
167
78040
1315
179
78060
1320
191
78080
1319
205
78100
1323
220
78120
1324
237
78140
1330
252
78160
1337
268
78180
1346
283
78200
1353
300
78220
1366
316
78240
1374
331
78260
1384
349
78280
1399
365
78300
1416
356
78320
1426
376
78340
1438
392
78360
1449
411
78380
1469
428
78400
1487
449
78420
1507
470
78440
1527
488
78460
1551
508
78480
1577
526
78500
1605
550
78520
1650
566
78540
1681
581
78560
1711
600
78580
1751
617
78600
1775
633
78620
