577
161
77660
583
167
77680
599
181
77700
608
185
77720
621
193
77740
634
202
77760
650
215
77780
679
221
77800
702
233
77820
723
241
77840
744
253
77860
771
259
77880
790
272
77900
813
283
77920
843
292
77940
872
304
77960
900
310
77980
935
328
78000
973
331
78020
997
342
78040
1030
358
78060
1064
363
78080
1102
379
78100
1134
388
78120
1169
397
78140
1203
411
78160
1241
425
78180
1267
441
78200
1309
454
78220
1340
470
78240
1371
488
78260
1410
503
78280
1451
516
78300
1491
532
78320
1530
548
78340
1574
557
78360
1619
578
78380
1665
588
78400
1712
602
78420
1762
610
78440
