135
608
78140
203
619
78160
256
627
78180
317
625
78200
376
633
78220
432
641
78240
492
648
78260
549
662
78280
598
678
78300
654
681
78320
722
690
78340
778
689
78360
846
682
78380
908
683
78400
970
672
78420
1027
672
78440
1085
665
78460
1149
665
78480
1205
662
78500
1267
644
78520
1328
642
78540
1382
639
78560
1441
626
78580
1492
626
78600
1550
631
78620
1608
622
78640
1667
623
78660
1717
623
78680
1769
622
78700
