1421
1018
78420
1416
987
78440
1415
953
78460
1414
921
78480
1419
887
78500
1428
858
78520
1430
825
78540
1421
796
78560
1406
764
78580
1394
735
78600
1376
705
78620
1369
678
78640
1371
651
78660
1372
626
78680
1370
598
78700
1363
575
78720
1347
553
78740
1319
531
78760
1292
507
78780
1267
492
78800
1235
467
78820
1208
448
78840
1177
425
78860
1145
404
78880
1113
392
78900
1070
377
78920
1039
362
78940
995
356
78960
954
341
78980
916
334
79000
890
315
79020
864
303
79040
832
288
79060
809
276
79080
782
264
79100
760
250
79120
732
234
79140
701
219
79160
664
210
79180
652
200
79200
626
192
79220
611
178
79240
611
164
79260
603
145
79280
598
131
79300
598
120
79320
595
108
79340
593
95
79360
595
90
79380
601
77
79400
604
67
79420
