1280
79
79020
1283
80
79040
1286
94
79060
1289
101
79080
1292
110
79100
1299
125
79120
1301
132
79140
1311
142
79160
1307
155
79180
1310
170
79200
1318
178
79220
1323
193
79240
1320
204
79260
1322
216
79280
1324
229
79300
1321
245
79320
1320
256
79340
1326
272
79360
1326
290
79380
1329
302
79400
1338
327
79420
1344
337
79440
1350
355
79460
1351
378
79480
1356
394
79500
1367
416
79520
1370
432
79540
1373
451
79560
1380
478
79580
1389
501
79600
1396
522
79620
1402
542
79640
1415
571
79660
1423
595
79680
1439
616
79700
1442
644
79720
1449
673
79740
1460
701
79760
1479
731
79780
1492
757
79800
1497
793
79820
1514
828
79840
1525
874
79860
1531
898
79880
