1185
119
79440
1189
125
79460
1195
145
79480
1196
155
79500
1194
168
79520
1192
180
79540
1187
189
79560
1174
203
79580
1172
216
79600
1156
224
79620
1151
233
79640
1131
246
79660
1113
255
79680
1094
268
79700
1073
280
79720
1048
288
79740
1029
301
79760
1015
316
79780
998
333
79800
977
349
79820
955
373
79840
930
376
79860
904
394
79880
882
411
79900
847
426
79920
830
438
79940
808
448
79960
785
469
79980
749
475
80000
727
496
80020
710
511
80040
695
534
80060
674
558
80080
651
578
80100
626
606
80120
612
627
80140
580
659
80160
555
686
80180
533
711
80200
508
745
80220
476
765
80240
445
793
80260
429
827
80280
402
860
80300
375
901
80320
347
934
80340
317
982
80360
291
1022
80380
269
1059
80400
