531
195
79160
540
230
79180
560
252
79200
578
269
79220
592
286
79240
618
305
79260
641
323
79280
664
341
79300
688
361
79320
714
378
79340
744
401
79360
764
410
79380
795
423
79400
828
447
79420
861
461
79440
900
475
79460
933
502
79480
973
520
79500
1009
540
79520
1064
547
79540
1096
579
79560
1123
610
79580
1142
641
79600
1163
679
79620
1188
721
79640
1206
759
79660
1220
798
79680
1243
852
79700
1262
897
79720
1283
940
79740
1312
992
79760
1340
1049
79780
