1174
103
79680
1186
111
79700
1213
125
79720
1237
144
79740
1242
156
79760
1256
174
79780
1263
189
79800
1269
205
79820
1275
221
79840
1287
238
79860
1294
260
79880
1305
281
79900
1313
309
79920
1321
326
79940
1331
349
79960
1322
372
79980
1324
398
80000
1312
418
80020
1306
442
80040
1291
467
80060
1285
488
80080
1293
505
80100
1312
550
80120
1332
577
80140
1375
612
80160
1417
652
80180
1440
687
80200
1468
729
80220
1478
771
80240
1497
814
80260
1516
868
80280
1543
914
80300
1571
972
80320
1598
1029
80340
