1177
76
79440
1175
89
79460
1182
97
79480
1183
106
79500
1185
119
79520
1187
131
79540
1187
144
79560
1182
157
79580
1184
163
79600
1180
169
79620
1175
185
79640
1163
202
79660
1158
214
79680
1144
221
79700
1132
234
79720
1121
243
79740
1099
258
79760
1074
262
79780
1067
273
79800
1059
292
79820
1049
302
79840
1016
308
79860
988
320
79880
965
337
79900
930
346
79920
908
360
79940
873
370
79960
855
390
79980
828
406
80000
799
427
80020
778
445
80040
745
461
80060
720
488
80080
694
507
80100
674
534
80120
653
555
80140
639
584
80160
618
613
80180
598
642
80200
583
668
80220
557
704
80240
528
734
80260
504
761
80280
481
796
80300
452
829
80320
413
867
80340
393
904
80360
357
947
80380
327
988
80400
295
1031
80420
265
1067
80440
