609
170
79160
618
189
79180
629
200
79200
658
214
79220
694
226
79240
734
236
79260
768
243
79280
809
257
79300
851
272
79320
889
279
79340
928
291
79360
971
305
79380
1016
311
79400
1057
329
79420
1107
341
79440
1152
354
79460
1195
365
79480
1248
377
79500
1295
389
79520
1345
403
79540
1391
423
79560
1434
447
79580
1482
471
79600
1529
489
79620
1576
502
79640
1624
523
79660
1684
538
79680
1737
549
79700
1787
553
79720
