1224
113
79440
1237
134
79460
1236
128
79480
1241
134
79500
1247
150
79520
1251
162
79540
1254
175
79560
1258
191
79580
1270
203
79600
1271
214
79620
1277
230
79640
1283
248
79660
1280
259
79680
1278
279
79700
1284
293
79720
1294
315
79740
1299
331
79760
1307
341
79780
1318
361
79800
1321
381
79820
1327
399
79840
1333
425
79860
1355
446
79880
1369
468
79900
1384
489
79920
1398
512
79940
1405
536
79960
1421
564
79980
1425
592
80000
1435
623
80020
1446
652
80040
1460
682
80060
1481
708
80080
1496
741
80100
1517
779
80120
1529
814
80140
1538
851
80160
1546
881
80180
1556
917
80200
1570
965
80220
1585
1012
80240
1604
1056
80260
