361
1024
79620
393
977
79640
418
925
79660
447
860
79680
477
818
79700
501
779
79720
531
719
79740
552
688
79760
566
642
79780
578
611
79800
593
567
79820
604
534
79840
619
506
79860
642
474
79880
658
447
79900
674
418
79920
678
396
79940
682
369
79960
690
343
79980
699
314
80000
706
294
80020
711
276
80040
718
254
80060
709
234
80080
704
216
80100
721
200
80120
734
184
80140
738
164
80160
744
150
80180
748
136
80200
751
119
80220
746
106
80240
750
94
80260
754
81
80280
765
77
80300
781
55
80320
791
47
80340
808
40
80360
