571
87
80140
577
103
80160
579
113
80180
586
120
80200
582
134
80220
584
148
80240
585
159
80260
593
169
80280
611
183
80300
636
199
80320
652
208
80340
677
219
80360
703
236
80380
731
252
80400
746
255
80420
777
268
80440
812
285
80460
837
293
80480
880
307
80500
918
317
80520
959
325
80540
993
331
80560
1032
349
80580
1071
372
80600
1108
380
80620
1141
399
80640
1186
409
80660
1224
423
80680
1260
446
80700
1305
461
80720
1344
484
80740
1374
496
80760
1413
514
80780
1467
525
80800
1514
533
80820
1564
542
80840
1590
556
80860
1629
565
80880
1669
579
80900
1699
589
80920
1737
596
80940
1757
598
80960
