588
141
80120
597
158
80140
609
165
80160
621
181
80180
644
195
80200
667
200
80220
693
208
80240
723
220
80260
747
235
80280
774
242
80300
804
247
80320
828
259
80340
859
281
80360
886
294
80380
920
303
80400
951
322
80420
982
331
80440
1016
345
80460
1053
361
80480
1093
373
80500
1125
385
80520
1166
401
80540
1198
416
80560
1236
439
80580
1283
444
80600
1325
459
80620
1369
474
80640
1419
489
80660
1463
503
80680
1510
516
80700
1554
532
80720
1592
545
80740
1639
551
80760
1684
558
80780
1729
554
80800
1759
552
80820
1786
555
80840
