1262
91
79980
1269
98
80000
1275
102
80020
1280
110
80040
1281
122
80060
1286
135
80080
1288
144
80100
1289
159
80120
1288
173
80140
1283
188
80160
1290
197
80180
1285
213
80200
1293
231
80220
1294
252
80240
1307
270
80260
1316
286
80280
1328
307
80300
1339
325
80320
1351
343
80340
1363
361
80360
1374
395
80380
1370
410
80400
1376
431
80420
1388
457
80440
1395
479
80460
1409
501
80480
1422
533
80500
1437
566
80520
1447
592
80540
1463
626
80560
1478
661
80580
1489
690
80600
1505
720
80620
1500
751
80640
1523
785
80660
1552
830
80680
1576
869
80700
1595
913
80720
1596
960
80740
1595
1007
80760
1608
1056
80780
