1179
108
80260
1189
119
80280
1198
130
80300
1210
140
80320
1229
154
80340
1254
169
80360
1278
180
80380
1297
193
80400
1316
208
80420
1324
221
80440
1337
240
80460
1356
262
80480
1365
273
80500
1379
296
80520
1390
309
80540
1416
332
80560
1437
351
80580
1455
372
80600
1472
388
80620
1492
414
80640
1510
438
80660
1535
457
80680
1561
480
80700
1602
500
80720
1642
524
80740
1680
534
80760
1720
545
80780
1758
552
80800
