1198
118
80780
1207
122
80800
1207
126
80820
1212
137
80840
1218
152
80860
1227
165
80880
1228
177
80900
1237
190
80920
1247
202
80940
1255
215
80960
1258
230
80980
1275
240
81000
1280
259
81020
1290
268
81040
1304
288
81060
1312
305
81080
1329
322
81100
1335
331
81120
1350
351
81140
1363
368
81160
1369
388
81180
1382
409
81200
1399
425
81220
1417
439
81240
1423
465
81260
1447
490
81280
1468
505
81300
1492
529
81320
1521
550
81340
1556
564
81360
1589
579
81380
1634
598
81400
1681
609
81420
1715
619
81440
1754
628
81460
