865
1038
80400
917
1006
80420
963
972
80440
1005
937
80460
1027
894
80480
1055
864
80500
1080
833
80520
1096
800
80540
1116
767
80560
1127
729
80580
1153
714
80600
1172
677
80620
1196
656
80640
1223
625
80660
1257
605
80680
1283
580
80700
1307
557
80720
1326
538
80740
1337
519
80760
1348
499
80780
1359
482
80800
1381
468
80820
1393
451
80840
1409
432
80860
1431
414
80880
1436
407
80900
1448
388
80920
1463
389
80940
1483
382
80960
1502
377
80980
1516
378
81000
1542
366
81020
1567
370
81040
1594
378
81060
1596
366
81080
1587
367
81100
1586
346
88260
1583
344
88280
1577
342
88300
1577
340
88320
1576
341
88340
1596
346
91200
1596
357
91220
1611
361
91240
