1157
1045
80640
1184
1049
80660
1197
1015
80680
1221
986
80700
1249
949
80720
1269
902
80740
1297
884
80760
1317
842
80780
1333
802
80800
1356
786
80820
1374
753
80840
1373
725
80860
1379
697
80880
1382
656
80900
1381
635
80920
1381
599
80940
1398
592
80960
1392
569
80980
1403
540
81000
1424
524
81020
1433
488
81040
1443
465
81060
1452
452
81080
1463
440
81100
1473
427
81120
1502
398
81140
1522
389
81160
1537
382
81180
1560
383
81200
1588
384
81220
1601
388
81240
