615
177
80480
638
196
80500
653
221
80520
665
235
80540
674
244
80560
690
257
80580
710
270
80600
722
280
80620
747
292
80640
768
303
80660
791
317
80680
808
325
80700
843
333
80720
867
345
80740
889
362
80760
920
368
80780
950
379
80800
977
354
80820
1011
366
80840
1045
380
80860
1077
400
80880
1108
406
80900
1141
414
80920
1177
432
80940
1208
440
80960
1244
453
80980
1275
464
81000
1311
481
81020
1348
492
81040
1387
507
81060
1425
519
81080
1457
538
81100
1500
549
81120
1536
561
81140
1581
573
81160
1623
589
81180
1671
601
81200
1702
604
81220
1725
611
81240
1749
614
81260
1771
618
81280
1785
622
81300
