834
1023
81520
870
988
81540
901
955
81560
929
916
81580
970
890
81600
1003
861
81620
1033
832
81640
1055
800
81660
1079
772
81680
1100
743
81700
1121
719
81720
1140
692
81740
1159
669
81760
1179
641
81780
1189
618
81800
1195
594
81820
1201
567
81840
1207
548
81860
1213
529
81880
1213
511
81900
1217
485
81920
1223
466
81940
1224
445
81960
1223
426
81980
1225
409
82000
1228
390
82020
1227
375
82040
1226
352
82060
1226
337
82080
1226
325
82100
1226
304
82120
1228
289
82140
1228
278
82160
1228
261
82180
1225
247
82200
1224
239
82220
1220
225
82240
1225
210
82260
1228
198
82280
1231
189
82300
1231
173
82320
1228
163
82340
1220
150
82360
1215
139
82380
1211
131
82400
1206
118
82420
1199
106
82440
1196
99
82460
1193
85
82480
1187
78
82500
