620
153
81740
622
165
81760
623
181
81780
624
195
81800
630
212
81820
636
232
81840
637
241
81860
635
262
81880
637
278
81900
643
296
81920
651
314
81940
659
335
81960
667
347
81980
679
369
82000
694
388
82020
707
411
82040
713
431
82060
719
455
82080
727
479
82100
730
505
82120
734
536
82140
741
565
82160
757
586
82180
769
621
82200
785
649
82220
809
678
82240
841
713
82260
877
741
82280
912
768
82300
943
800
82320
975
843
82340
1020
874
82360
1060
905
82380
1102
941
82400
1145
978
82420
1192
1016
82440
1229
1058
82460
