451
993
82440
456
957
82460
465
920
82480
479
884
82500
490
851
82520
500
819
82540
508
790
82560
519
761
82580
524
735
82600
531
708
82620
537
681
82640
544
658
82660
555
634
82680
577
611
82700
600
592
82720
615
571
82740
624
547
82760
631
525
82780
644
505
82800
657
483
82820
664
469
82840
671
444
82860
679
430
82880
691
411
82900
699
397
82920
702
376
82940
707
361
82960
711
349
82980
727
333
83000
731
320
83020
736
306
83040
740
299
83060
743
279
83080
747
265
83100
746
258
83120
751
242
83140
752
233
83160
750
218
83180
750
207
83200
749
194
83220
744
179
83240
745
165
83260
747
151
83280
750
141
83300
750
127
83320
750
114
83340
752
107
83360
757
90
83380
759
78
83400
769
67
83420
785
55
83440
790
52
83460
807
45
83480
