874
1038
82840
906
1028
82860
937
1008
82880
965
987
82900
1000
968
82920
1032
949
82940
1062
928
82960
1096
907
82980
1128
892
83000
1163
881
83020
1194
866
83040
1221
849
83060
1253
834
83080
1281
818
83100
1311
803
83120
1340
788
83140
1364
772
83160
1395
759
83180
1424
747
83200
1446
731
83220
1474
718
83240
1499
707
83260
1531
690
83280
1566
679
83300
1598
675
83320
1631
666
83340
1664
662
83360
1702
662
83380
1739
659
83400
