141
605
82520
189
617
82540
242
624
82560
296
629
82580
349
631
82600
402
639
82620
448
644
82640
492
658
82660
540
682
82680
582
698
82700
632
713
82720
702
728
82740
765
739
82760
827
740
82780
891
743
82800
961
737
82820
1025
729
82840
1081
717
82860
1138
708
82880
1198
691
82900
1253
679
82920
1304
658
82940
1347
645
82960
1403
632
82980
1450
626
83000
1487
616
83020
1535
606
83040
1576
605
83060
1622
592
83080
1661
581
83100
1704
576
83120
1737
574
83140
1771
567
83160
