565
152
84100
564
164
84120
565
173
84140
576
184
84160
578
196
84180
585
206
84200
593
212
84220
601
226
84240
616
242
84260
626
253
84280
646
257
84300
661
273
84320
683
281
84340
706
292
84360
730
307
84380
756
316
84400
773
323
84420
790
337
84440
814
350
84460
838
365
84480
860
376
84500
886
394
84520
906
403
84540
935
423
84560
970
435
84580
999
443
84600
1032
457
84620
1051
475
84640
1078
494
84660
1091
513
84680
1110
536
84700
1129
556
84720
1137
576
84740
1146
599
84760
1165
622
84780
1170
649
84800
1177
673
84820
1193
699
84840
1202
728
84860
1210
755
84880
1225
788
84900
1237
814
84920
1259
850
84940
1272
897
84960
1287
923
84980
1296
953
85000
1316
993
85020
1335
1036
85040
1361
1076
85060
