621
1011
84620
665
976
84640
704
943
84660
739
915
84680
785
892
84700
830
869
84720
867
845
84740
903
818
84760
951
796
84780
990
776
84800
1028
754
84820
1063
731
84840
1090
707
84860
1118
685
84880
1135
660
84900
1157
630
84920
1170
609
84940
1189
586
84960
1194
561
84980
1199
539
85000
1206
516
85020
1214
496
85040
1227
475
85060
1227
460
85080
1225
438
85100
1230
419
85120
1225
401
85140
1225
386
85160
1232
367
85180
1244
353
85200
1259
332
85220
1267
319
85240
1273
304
85260
1280
295
85280
1283
276
85300
1283
264
85320
1289
245
85340
1290
236
85360
1286
221
85380
1292
211
85400
1296
197
85420
1293
186
85440
1298
174
85460
1303
163
85480
1311
153
85500
1312
144
85520
1313
132
85540
1317
121
85560
1318
114
85580
1317
98
85600
1313
89
85620
1312
79
85640
1309
73
85660
