554
112
84820
564
116
84840
570
129
84860
570
141
84880
576
152
84900
579
169
84920
593
176
84940
610
187
84960
629
195
84980
653
210
85000
677
216
85020
701
225
85040
725
233
85060
754
243
85080
785
249
85100
815
260
85120
843
269
85140
868
285
85160
903
295
85180
935
302
85200
970
312
85220
999
325
85240
1034
336
85260
1069
345
85280
1101
360
85300
1130
374
85320
1164
386
85340
1206
401
85360
1238
415
85380
1275
429
85400
1311
447
85420
1345
463
85440
1386
480
85460
1428
490
85480
1470
504
85500
1520
514
85520
1561
525
85540
1606
533
85560
1649
543
85580
1696
551
85600
1739
559
85620
1779
557
85640
