630
1014
84380
682
974
84400
728
941
84420
773
912
84440
811
875
84460
861
854
84480
906
821
84500
941
795
84520
982
771
84540
1016
749
84560
1049
723
84580
1084
703
84600
1118
681
84620
1159
659
84640
1181
642
84660
1213
624
84680
1238
603
84700
1257
586
84720
1280
566
84740
1293
552
84760
1315
534
84780
1332
521
84800
1358
505
84820
1371
500
84840
1384
491
84860
1382
482
84880
1404
470
84900
1406
467
84920
1415
457
84940
1419
452
84960
1423
445
84980
1425
438
85000
1422
433
85020
1393
422
85200
1377
416
85220
1375
406
85240
1369
398
85260
1364
396
85280
1377
387
85700
1391
383
85720
1406
386
85840
1380
369
86180
1351
361
86200
1321
355
86220
1284
344
86240
1245
337
86260
1201
334
86280
1157
323
86300
1120
316
86320
1079
308
86340
1036
304
86360
990
299
86380
947
286
86400
911
280
86420
873
270
86440
846
259
86460
830
248
86480
795
233
86500
763
227
86520
732
218
86540
700
211
86560
674
199
86580
647
189
86600
630
174
86620
619
160
86640
615
148
86660
614
135
86680
614
125
86700
618
111
86720
624
98
86740
628
86
86760
637
79
86780
644
69
86800
