1262
85
86340
1268
98
86360
1274
108
86380
1274
118
86400
1278
132
86420
1289
140
86440
1285
149
86460
1277
162
86480
1278
179
86500
1267
187
86520
1258
196
86540
1251
198
86560
1242
208
86580
1224
212
86600
1212
220
86620
1203
228
86640
1185
235
86660
1167
247
86680
1151
264
86700
1136
279
86720
1122
270
86740
1103
284
86760
1087
295
86780
1078
308
86800
1065
320
86820
1052
332
86840
1034
343
86860
1005
351
86880
986
358
86900
967
372
86920
934
380
86940
896
398
86960
874
411
86980
848
428
87000
826
450
87020
803
460
87040
781
483
87060
761
502
87080
734
520
87100
726
539
87120
710
555
87140
691
580
87160
669
606
87180
653
637
87200
648
662
87220
621
695
87240
610
716
87260
586
741
87280
563
791
87300
541
814
87320
522
850
87340
505
891
87360
484
925
87380
464
964
87400
428
1006
87420
407
1049
87440
