1250
94
85720
1251
103
85740
1249
127
85760
1237
138
85780
1219
137
85800
1209
150
85820
1205
174
85840
1197
176
85860
1193
201
85880
1177
201
85900
1162
224
85920
1142
236
85940
1114
248
85960
1086
258
85980
1059
268
86000
1037
280
86020
1010
293
86040
986
307
86060
962
321
86080
937
337
86100
906
350
86120
878
368
86140
849
384
86160
815
403
86180
778
417
86200
724
405
86220
682
418
86240
628
425
86260
580
430
86280
528
443
86300
483
451
86320
427
465
86340
380
472
86360
321
476
86380
274
489
86400
211
490
86420
159
496
86440
100
494
86460
58
503
86480
9
499
86500
