1812
1017
86680
1773
969
86700
1743
921
86720
1717
882
86740
1695
836
86760
1669
819
86780
1633
770
86800
1599
745
86820
1576
726
86840
1547
685
86860
1533
667
86880
1519
636
86900
1496
599
86920
1467
570
86940
1453
556
86960
1436
524
86980
1420
503
87000
1401
474
87020
1384
457
87040
1367
436
87060
1353
413
87080
1351
393
87100
1358
370
87120
1360
347
87140
1357
333
87160
1360
312
87180
1349
293
87200
1348
281
87220
1353
264
87240
1359
260
87260
1359
242
87280
1368
232
87300
1368
215
87320
1361
193
87340
1355
181
87360
1357
170
87380
1357
155
87400
1349
141
87420
1348
135
87440
1347
127
87460
1343
120
87480
1332
114
87500
1325
96
87520
1313
80
87540
1293
70
87560
1294
70
87580
