1219
86
86940
1207
102
86960
1213
108
86980
1214
124
87000
1227
134
87020
1219
144
87040
1234
160
87060
1228
172
87080
1224
186
87100
1223
191
87120
1203
196
87140
1195
211
87160
1176
216
87180
1157
233
87200
1130
239
87220
1105
254
87240
1093
261
87260
1067
279
87280
1049
289
87300
1025
313
87320
1006
323
87340
978
340
87360
951
349
87380
928
361
87400
903
385
87420
884
407
87440
864
419
87460
827
441
87480
795
455
87500
776
470
87520
747
491
87540
725
511
87560
693
537
87580
675
556
87600
646
574
87620
624
597
87640
590
614
87660
547
639
87680
510
661
87700
471
687
87720
428
719
87740
400
753
87760
379
786
87780
356
826
87800
337
863
87820
324
917
87840
299
948
87860
269
999
87880
236
1043
87900
