1502
203
87000
1496
218
87020
1486
229
87040
1478
238
87060
1472
256
87080
1475
272
87100
1477
288
87120
1480
300
87140
1485
316
87160
1490
330
87180
1494
350
87200
1496
369
87220
1502
372
87240
1502
389
87260
1492
411
87280
1483
428
87300
1489
444
87320
1501
462
87340
1506
485
87360
1520
508
87380
1539
528
87400
1562
550
87420
1587
570
87440
1613
592
87460
1638
615
87480
1677
616
87500
1703
624
87520
1737
642
87540
1772
655
87560
