1204
83
87380
1210
89
87400
1200
101
87420
1200
116
87440
1198
117
87460
1197
127
87480
1204
139
87500
1210
163
87520
1205
166
87540
1213
181
87560
1202
174
87580
1199
187
87600
1175
190
87620
1150
188
87640
1127
181
87660
1107
169
87680
1107
155
87700
1115
150
87720
1115
143
87740
1116
135
87760
1119
126
87780
1121
111
87800
1118
102
87820
1117
97
87840
1117
91
87860
1116
78
87880
1116
67
87900
1101
54
87920
1081
59
87940
1062
59
87960
1033
49
87980
1017
46
88000
