1324
81
87480
1303
94
87500
1278
103
87520
1264
97
87540
1249
118
87560
1237
129
87580
1226
140
87600
1225
150
87620
1217
161
87640
1200
171
87660
1193
180
87680
1175
190
87700
1157
206
87720
1131
218
87740
1103
220
87760
1074
226
87780
1037
237
87800
1009
247
87820
985
259
87840
956
287
87860
937
286
87880
914
299
87900
888
307
87920
856
324
87940
843
338
87960
815
363
87980
784
378
88000
758
391
88020
727
413
88040
694
429
88060
661
449
88080
630
469
88100
596
488
88120
563
513
88140
533
540
88160
511
560
88180
466
585
88200
433
609
88220
393
634
88240
354
662
88260
318
695
88280
289
727
88300
253
761
88320
216
793
88340
188
824
88360
159
865
88380
130
899
88400
