1304
91
87500
1285
99
87520
1261
112
87540
1246
111
87560
1237
132
87580
1228
137
87600
1219
149
87620
1218
161
87640
1203
167
87660
1185
179
87680
1173
188
87700
1144
206
87720
1133
214
87740
1111
222
87760
1072
229
87780
1037
239
87800
1010
249
87820
981
261
87840
956
268
87860
932
289
87880
914
298
87900
884
305
87920
857
326
87940
843
338
87960
818
359
87980
783
377
88000
754
395
88020
729
408
88040
702
422
88060
662
459
88080
620
466
88100
594
500
88120
575
523
88140
540
548
88160
507
562
88180
462
582
88200
432
612
88220
392
640
88240
356
666
88260
322
693
88280
284
725
88300
252
758
88320
223
797
88340
191
827
88360
157
861
88380
134
903
88400
