1484
224
87940
1451
236
87960
1444
251
87980
1429
265
88000
1417
287
88020
1409
301
88040
1398
315
88060
1382
331
88080
1368
345
88100
1354
356
88120
1336
371
88140
1324
384
88160
1321
393
88180
1313
406
88200
1308
417
88220
1296
436
88240
1292
455
88260
1267
475
88280
1256
486
88300
1240
506
88320
1233
521
88340
1222
544
88360
1205
560
88380
1193
584
88400
1175
592
88420
1139
611
88440
1108
637
88460
1085
658
88480
1050
677
88500
1014
699
88520
1000
717
88540
992
747
88560
994
778
88580
989
809
88600
979
837
88620
955
859
88640
910
883
88660
882
914
88680
852
949
88700
810
987
88720
771
1011
88740
