1864
862
87980
1827
880
88000
1770
863
88020
1726
863
88040
1683
848
88060
1633
832
88080
1605
820
88100
1567
806
88120
1547
787
88140
1534
753
88160
1503
737
88180
1488
694
88200
1469
653
88220
1442
639
88240
1433
617
88260
1416
601
88280
1408
573
88300
1406
555
88320
1401
529
88340
1398
511
88360
1401
492
88380
1407
471
88400
1407
451
88420
1391
432
88440
1364
417
88460
1336
395
88480
1320
375
88500
1299
367
88520
1284
349
88540
1274
337
88560
1284
313
88580
1287
302
88600
1305
303
88620
1298
280
88640
1293
264
88660
1305
250
88680
1299
234
88700
1297
220
88720
1296
211
88740
1290
193
88760
1282
189
88780
1289
177
88800
1282
164
88820
1276
156
88840
1265
149
88860
1251
141
88880
1222
123
88900
1203
110
88920
1177
109
88940
1157
99
88960
1137
88
88980
