1878
867
88240
1828
873
88260
1778
887
88280
1728
888
88300
1672
879
88320
1608
867
88340
1562
859
88360
1509
853
88380
1448
848
88400
1389
845
88420
1337
845
88440
1279
847
88460
1223
838
88480
1166
837
88500
1111
827
88520
1046
819
88540
988
804
88560
931
793
88580
888
784
88600
847
767
88620
803
742
88640
752
729
88660
696
719
88680
642
707
88700
585
698
88720
535
678
88740
485
668
88760
443
644
88780
410
626
88800
369
620
88820
322
607
88840
284
598
88860
237
589
88880
189
581
88900
132
575
88920
80
574
88940
