1206
88
88380
1203
93
88400
1212
111
88420
1214
120
88440
1217
125
88460
1222
134
88480
1223
144
88500
1232
153
88520
1230
168
88540
1239
176
88560
1234
195
88580
1240
197
88600
1250
213
88620
1253
217
88640
1258
228
88660
1251
237
88680
1251
244
88700
1249
261
88720
1235
271
88740
1216
279
88760
1195
290
88780
1178
302
88800
1158
312
88820
1137
326
88840
1108
332
88860
1089
346
88880
1056
352
88900
1028
366
88920
1002
380
88940
962
387
88960
925
396
88980
888
405
89000
848
420
89020
825
435
89040
799
443
89060
767
458
89080
736
472
89100
717
499
89120
707
517
89140
695
541
89160
690
566
89180
668
593
89200
648
607
89220
620
623
89240
594
642
89260
573
662
89280
552
684
89300
537
714
89320
526
735
89340
511
767
89360
493
798
89380
478
833
89400
458
867
89420
427
897
89440
