1603
387
88040
1584
393
88060
1585
385
88080
1543
387
88100
1501
388
88120
1453
386
88140
1402
384
88160
1357
386
88180
1300
389
88200
1252
387
88220
1213
388
88240
1183
383
88260
1147
393
88280
1108
411
88300
1067
428
88320
1023
440
88340
964
448
88360
898
450
88380
846
458
88400
783
462
88420
726
469
88440
665
473
88460
603
487
88480
542
491
88500
475
498
88520
414
503
88540
346
508
88560
274
517
88580
212
525
88600
144
523
88620
84
526
88640
20
527
88660
