1224
79
88200
1212
87
88220
1206
96
88240
1200
102
88260
1194
116
88280
1191
120
88300
1190
134
88320
1192
144
88340
1193
152
88360
1194
166
88380
1193
179
88400
1189
188
88420
1182
196
88440
1174
205
88460
1167
223
88480
1167
224
88500
1162
240
88520
1165
249
88540
1156
264
88560
1141
269
88580
1131
276
88600
1117
287
88620
1121
298
88640
1113
312
88660
1092
320
88680
1071
333
88700
1042
346
88720
1024
353
88740
996
367
88760
969
382
88780
948
390
88800
933
399
88820
915
407
88840
905
416
88860
901
414
88880
904
418
88900
893
425
89140
880
434
89160
868
442
89180
855
450
89200
845
457
89220
830
463
89240
821
468
89260
816
471
89280
805
488
89400
805
497
89420
810
504
89440
817
507
89460
827
510
89480
808
508
89940
793
509
89960
775
509
89980
761
507
90000
750
513
90020
750
511
90040
736
538
90240
747
551
90260
754
571
90280
766
584
90300
773
583
90320
755
551
90440
745
532
90460
734
525
90480
732
505
90500
732
494
90520
740
481
90540
739
457
90560
744
439
90580
757
420
90600
775
408
90620
792
388
90640
809
369
90660
829
349
90680
837
336
90700
853
325
90720
858
304
90740
864
292
90760
875
280
90780
882
261
90800
895
246
90820
896
238
90840
907
222
90860
910
214
90880
921
202
90900
926
185
90920
929
179
90940
932
180
90960
932
180
91000
932
185
91040
932
185
91080
932
187
91100
950
182
91120
970
179
91140
979
183
91160
