393
1019
88500
425
964
88520
455
923
88540
480
874
88560
508
832
88580
535
794
88600
563
754
88620
587
718
88640
596
679
88660
610
641
88680
634
615
88700
659
582
88720
663
558
88740
684
537
88760
726
513
88780
777
497
88800
822
479
88820
862
462
88840
901
448
88860
942
431
88880
969
410
88900
1000
396
88920
1037
381
88940
1069
363
88960
1082
343
88980
1087
321
89000
1085
300
89020
1087
279
89040
1100
260
89060
1117
242
89080
1138
230
89100
1157
214
89120
1176
196
89140
1196
186
89160
1208
175
89180
1223
159
89200
1229
147
89220
1238
134
89240
1240
119
89260
1245
107
89280
1239
96
89300
1225
82
89320
1218
72
89340
