1549
377
88460
1510
371
88480
1475
379
88500
1444
367
88520
1412
354
88540
1374
351
88560
1332
337
88580
1287
331
88600
1243
323
88620
1197
324
88640
1154
316
88660
1111
304
88680
1069
297
88700
1021
293
88720
980
287
88740
937
272
88760
896
266
88780
854
259
88800
813
248
88820
774
241
88840
733
230
88860
696
222
88880
667
211
88900
642
197
88920
621
187
88940
605
175
88960
598
162
88980
597
146
89000
600
135
89020
613
123
89040
621
108
89060
624
92
89080
622
82
89100
620
72
89120
616
60
89140
