1483
1008
89040
1477
962
89060
1466
921
89080
1458
877
89100
1449
841
89120
1456
807
89140
1458
774
89160
1450
741
89180
1440
707
89200
1441
682
89220
1439
651
89240
1434
621
89260
1431
594
89280
1425
567
89300
1426
542
89320
1430
518
89340
1428
496
89360
1420
475
89380
1407
449
89400
1397
428
89420
1385
408
89440
1378
387
89460
1364
371
89480
1350
353
89500
1346
337
89520
1339
321
89540
1329
297
89560
1322
285
89580
1316
268
89600
1314
252
89620
1314
235
89640
1315
219
89660
1316
207
89680
1312
193
89700
1306
179
89720
1308
170
89740
1309
157
89760
1313
149
89780
1310
131
89800
1309
119
89820
1310
112
89840
1307
102
89860
1313
93
89880
1317
82
89900
1314
72
89920
