1318
1015
89180
1310
1013
89200
1293
967
89220
1270
925
89240
1244
888
89260
1214
852
89280
1189
817
89300
1162
788
89320
1130
764
89340
1075
700
89360
1046
673
89380
1020
650
89400
998
636
89420
976
635
89600
955
638
89620
945
644
89640
940
647
89660
929
645
89740
926
650
89820
925
662
89840
932
688
89860
946
716
89880
961
746
89900
983
771
89920
1003
795
89940
1021
826
89960
1054
859
89980
1093
889
90000
1129
926
90020
1168
958
90040
1209
999
90060
1253
1033
90080
1296
1072
90100
