571
106
89620
574
115
89640
575
129
89660
585
143
89680
589
159
89700
588
167
89720
587
176
89740
590
188
89760
604
201
89780
618
215
89800
638
228
89820
657
241
89840
682
245
89860
711
265
89880
737
274
89900
767
285
89920
798
293
89940
826
307
89960
855
319
89980
884
332
90000
917
341
90020
952
354
90040
986
370
90060
1019
384
90080
1050
399
90100
1081
414
90120
1108
431
90140
1136
446
90160
1168
459
90180
1198
480
90200
1232
497
90220
1269
512
90240
1310
529
90260
1354
542
90280
1401
562
90300
1452
568
90320
1505
576
90340
1549
585
90360
1602
596
90380
1652
603
90400
1703
610
90420
1754
613
90440
