402
1031
89780
423
1024
89800
463
990
89820
479
967
89840
503
926
89860
529
881
89880
538
836
89900
543
788
89920
545
671
89940
555
635
89960
565
598
89980
578
565
90000
588
537
90020
599
504
90040
605
475
90060
608
445
90080
610
428
90100
618
399
90120
622
377
90140
630
356
90160
640
336
90180
652
316
90200
663
298
90220
675
280
90240
688
263
90260
696
244
90280
709
227
90300
716
208
90320
729
197
90340
737
180
90360
737
164
90380
739
147
90400
745
136
90420
752
123
90440
756
112
90460
751
96
90480
751
91
90500
757
76
90520
773
68
90540
784
56
90560
798
46
90580
814
40
90600
