1571
380
89960
1535
369
89980
1501
378
90000
1470
378
90020
1435
379
90040
1408
387
90060
1370
398
90080
1338
406
90100
1314
417
90120
1287
429
90140
1264
439
90160
1246
455
90180
1227
461
90200
1204
474
90220
1184
484
90240
1158
497
90260
1122
507
90280
1087
512
90300
1046
510
90320
1000
512
90340
964
506
90360
923
504
90380
840
501
90420
802
505
90440
769
511
90460
753
521
90480
752
543
90500
756
561
90520
765
575
90540
772
584
90560
750
609
91120
727
635
91140
696
662
91160
667
698
91180
645
731
91200
610
766
91220
577
802
91240
536
836
91260
491
874
91280
449
904
91300
402
944
91320
361
986
91340
316
1026
91360
269
1065
91380
