174
637
89820
216
658
89840
264
667
89860
316
677
89880
360
683
89900
402
696
89920
454
681
89940
498
690
89960
540
695
89980
593
700
90000
642
701
90020
694
709
90040
748
713
90060
799
718
90080
851
715
90100
908
713
90120
960
703
90140
1013
704
90160
1064
702
90180
1117
695
90200
1164
690
90220
1216
679
90240
1256
668
90260
1304
663
90280
1347
654
90300
1391
645
90320
1433
638
90340
1477
632
90360
1517
628
90380
1558
624
90400
1601
619
90420
1640
624
90440
1676
628
90460
1714
627
90480
1752
625
90500
1782
616
90520
