1878
860
90200
1810
849
90220
1751
828
90240
1693
800
90260
1633
774
90280
1583
755
90300
1535
731
90320
1490
704
90340
1440
671
90360
1398
650
90380
1349
630
90400
1305
609
90420
1254
593
90440
1210
574
90460
1160
555
90480
1110
542
90500
1059
526
90520
1014
518
90540
972
500
90560
932
479
90580
898
462
90600
864
443
90620
838
423
90640
812
404
90660
791
389
90680
772
364
90700
752
345
90720
735
328
90740
713
310
90760
696
296
90780
677
282
90800
660
266
90820
644
250
90840
627
233
90860
615
221
90880
610
209
90900
598
193
90920
588
179
90940
584
164
90960
582
151
90980
576
140
91000
578
130
91020
575
120
91040
570
109
91060
570
98
91080
572
84
91100
580
79
91120
592
67
91140
