1888
901
89860
1866
950
89880
1834
972
89900
1799
996
89920
1752
1017
89940
1696
1025
89960
1616
1005
89980
1539
996
90000
1461
984
90020
1384
972
90040
1300
961
90060
1224
952
90080
1145
947
90100
1080
950
90120
1014
951
90140
945
937
90160
884
915
90180
814
896
90200
749
871
90220
690
839
90240
632
812
90260
582
786
90280
520
760
90300
455
735
90320
389
717
90340
334
698
90360
277
677
90380
217
658
90400
154
644
90420
