1844
824
89960
1796
817
89980
1763
798
90000
1728
780
90020
1694
755
90040
1665
732
90060
1646
719
90080
1614
701
90100
1587
677
90120
1558
659
90140
1529
642
90160
1510
616
90180
1486
600
90200
1464
582
90220
1448
568
90240
1426
547
90260
1406
526
90280
1379
509
90300
1352
486
90320
1329
469
90340
1307
454
90360
1287
435
90380
1269
420
90400
1261
403
90420
1241
387
90440
1225
370
90460
1209
355
90480
1197
341
90500
1177
329
90520
1164
315
90540
1150
305
90560
1124
290
90580
1102
280
90600
1088
270
90620
1071
260
90640
1056
253
90660
1040
246
90680
1027
234
90700
1016
228
90720
1007
218
90740
989
213
90760
991
211
90880
983
199
91060
965
193
91080
943
186
91100
932
180
91120
929
182
91140
927
182
91160
926
183
91180
927
186
91200
930
188
91220
924
190
91240
917
190
91260
917
184
91280
934
179
91300
951
178
91320
976
172
91340
