857
1038
90960
936
1004
90980
990
975
91000
1056
944
91020
1107
918
91040
1148
882
91060
1201
861
91080
1253
835
91100
1296
810
91120
1328
780
91140
1344
754
91160
1361
731
91180
1365
708
91200
1384
693
91220
1383
672
91240
1379
643
91260
1377
610
91280
1380
583
91300
1382
559
91320
1376
532
91340
1372
507
91360
1378
487
91380
1374
468
91400
1373
455
91420
1372
441
91440
1376
432
91460
1367
425
91480
1373
419
91500
1382
410
91520
1389
406
91540
1401
399
91560
1414
394
91580
1429
394
91600
1437
383
91620
1460
379
91640
1478
374
91660
1492
373
91680
1489
372
91700
1489
374
91720
1491
373
91740
1477
375
91760
1461
380
91780
1456
379
91800
1457
384
91820
1461
386
91940
1464
390
91960
1464
390
96180
1472
390
96200
1475
390
96220
1468
392
96240
1469
396
96260
1467
391
96280
1469
389
96300
1470
387
96320
1478
385
96340
1489
383
96360
1484
371
96380
1499
368
96400
1531
360
96420
1560
360
96440
1589
367
96460
1609
369
96480
