486
115
91520
497
130
91540
507
140
91560
515
156
91580
513
171
91600
506
186
91620
496
199
91640
488
210
91660
470
221
91680
459
235
91700
460
250
91720
458
261
91740
446
270
91760
441
275
91780
429
277
91960
421
277
91980
413
279
92000
421
278
92020
412
277
92040
422
275
92440
410
277
92480
403
275
92980
377
274
93000
361
281
93020
377
268
93540
393
269
93640
414
271
93660
444
273
93680
479
265
93700
514
266
93720
554
266
93740
589
264
93760
629
273
93780
677
278
93800
723
283
93820
771
282
93840
820
289
93860
867
292
93880
913
295
93900
959
299
93920
998
306
93940
1034
306
93960
1075
310
93980
1108
317
94000
1153
319
94020
1189
325
94040
1227
334
94060
1256
342
94080
1282
355
94100
1315
354
94120
1349
354
94140
1383
354
94160
1420
347
94180
1454
347
94200
1493
349
94220
1526
356
94240
1548
363
94260
1572
363
94280
1588
370
94300
1595
374
94320
1601
371
94640
1606
371
94660
1604
372
94680
1599
374
94820
1609
374
95320
