1493
183
91360
1475
191
91380
1461
200
91400
1441
201
91420
1426
209
91440
1414
217
91460
1401
222
91480
1390
231
91500
1377
242
91520
1362
254
91540
1343
264
91560
1333
283
91580
1326
288
91600
1311
295
91620
1300
303
91640
1282
313
91660
1260
320
91680
1245
333
91700
1233
348
91720
1219
363
91740
1207
378
91760
1200
393
91780
1197
411
91800
1193
435
91820
1189
460
91840
1189
476
91860
1186
499
91880
1185
520
91900
1182
532
91920
1173
547
91940
1172
562
91960
1167
583
91980
1158
605
92000
1138
632
92020
1117
660
92040
1090
685
92060
1066
710
92080
1032
742
92100
996
765
92120
957
791
92140
909
813
92160
863
842
92180
808
861
92200
758
881
92220
699
906
92240
643
930
92260
587
953
92280
527
990
92300
473
1017
92320
415
1052
92340
