1488
174
91980
1468
180
92000
1448
187
92020
1431
198
92040
1413
210
92060
1396
222
92080
1380
238
92100
1367
250
92120
1355
266
92140
1347
280
92160
1336
293
92180
1321
313
92200
1311
324
92220
1307
346
92240
1302
363
92260
1295
390
92280
1262
394
92300
1249
409
92320
1247
431
92340
1238
454
92360
1225
482
92380
1217
505
92400
1205
528
92420
1179
559
92440
1162
582
92460
1136
608
92480
1116
639
92500
1084
663
92520
1054
695
92540
1010
718
92560
960
745
92580
914
776
92600
859
798
92620
813
827
92640
761
856
92660
712
891
92680
662
925
92700
611
958
92720
556
1001
92740
499
1030
92760
442
1066
92780
