1323
89
91940
1318
90
91960
1315
99
91980
1310
106
92000
1306
119
92020
1304
123
92040
1305
130
92060
1305
145
92080
1307
151
92100
1311
158
92120
1311
173
92140
1319
179
92160
1324
189
92180
1341
201
92200
1353
214
92220
1355
224
92240
1368
236
92260
1373
246
92280
1384
260
92300
1394
271
92320
1402
288
92340
1407
296
92360
1411
308
92380
1420
323
92400
1424
339
92420
1430
350
92440
1430
359
92460
1424
368
92480
1409
374
92500
1405
389
92520
1409
403
92540
1422
419
92560
1437
431
92580
1464
448
92600
1480
465
92620
1505
479
92640
1533
499
92660
1568
519
92680
1603
532
92700
1642
539
92720
1676
551
92740
1716
557
92760
1746
556
92780
1783
560
92800
