1602
360
91860
1565
344
91880
1530
326
91900
1486
310
91920
1435
297
91940
1393
289
91960
1348
283
91980
1305
274
92000
1262
264
92020
1219
254
92040
1172
247
92060
1129
246
92080
1085
238
92100
1042
236
92120
1000
226
92140
954
223
92160
910
220
92180
872
214
92200
834
216
92220
789
206
92240
754
199
92260
712
197
92280
676
191
92300
647
183
92320
630
177
92340
612
166
92360
596
148
92380
581
138
92400
564
122
92420
546
112
92440
524
106
92460
507
94
92480
505
83
92500
502
73
92520
507
60
92540
