1313
101
91820
1317
105
91840
1312
116
91860
1298
120
91880
1297
128
91900
1298
146
91920
1295
150
91940
1286
160
91960
1280
168
91980
1273
183
92000
1260
190
92020
1241
199
92040
1221
209
92060
1199
214
92080
1174
222
92100
1156
229
92120
1130
240
92140
1109
248
92160
1088
254
92180
1062
264
92200
1033
273
92220
1007
283
92240
974
290
92260
941
302
92280
911
308
92300
883
318
92320
850
326
92340
817
336
92360
791
345
92380
763
355
92400
732
366
92420
700
381
92440
670
387
92460
637
395
92480
603
405
92500
534
420
92540
499
430
92560
468
434
92580
437
447
92600
398
457
92620
365
467
92640
324
480
92660
288
493
92680
245
500
92700
194
508
92720
154
510
92740
111
517
92760
71
517
92780
31
519
92800
