251
1030
92600
309
995
92620
371
965
92640
435
935
92660
494
909
92680
551
887
92700
590
852
92720
610
816
92740
623
779
92760
637
740
92780
656
709
92800
673
677
92820
682
645
92840
693
619
92860
714
588
92880
734
564
92900
756
540
92920
780
521
92940
992
524
93020
1048
531
93040
1101
541
93060
1149
549
93080
1199
558
93100
1242
551
93120
1278
537
93140
1305
519
93160
1316
499
93180
1330
479
93200
1337
459
93220
1332
435
93240
1321
413
93260
1315
392
93280
1307
374
93300
1302
356
93320
1302
339
93340
1297
316
93360
1298
293
93380
1295
277
93400
1289
258
93420
1289
242
93440
1291
223
93460
1294
213
93480
1287
195
93500
1282
178
93520
1283
165
93540
1283
156
93560
1286
141
93580
1288
132
93600
1279
118
93620
1269
107
93640
1261
94
93660
1250
83
93680
1241
74
93700
1226
65
93720
