587
1022
92800
636
1000
92820
674
976
92840
714
951
92860
757
929
92880
796
912
92900
835
895
92920
874
879
92940
912
857
92960
952
840
92980
993
823
93000
1034
806
93020
1067
789
93040
1105
769
93060
1137
757
93080
1162
740
93100
1185
733
93120
1201
722
93140
1214
700
93160
1225
674
93180
1235
655
93200
1254
632
93220
1277
623
93240
1292
610
93260
1296
600
93280
1312
589
93300
1329
577
93320
1345
562
93340
1360
548
93360
1374
531
93380
1386
515
93400
1401
505
93420
1414
492
93440
1424
482
93460
1442
474
93480
1458
472
93500
1474
461
93520
1489
451
93540
1497
443
93560
1509
434
93580
1518
425
93600
1526
420
93620
1531
412
93640
1537
410
93660
1546
407
93680
1556
403
93700
1574
404
93720
1598
407
93740
