1605
370
92500
1570
364
92520
1533
360
92540
1497
350
92560
1462
340
92580
1430
334
92600
1395
330
92620
1366
327
92640
1332
320
92660
1297
316
92680
1262
307
92700
1226
301
92720
1191
294
92740
1158
290
92760
1123
283
92780
1085
275
92800
1053
269
92820
1018
265
92840
987
260
92860
951
253
92880
916
249
92900
883
243
92920
849
237
92940
815
232
92960
784
226
92980
751
222
93000
721
214
93020
690
209
93040
666
203
93060
641
194
93080
626
185
93100
615
174
93120
607
165
93140
608
151
93160
613
137
93180
616
130
93200
621
118
93220
625
107
93240
629
96
93260
631
85
93280
632
75
93300
630
68
93320
