1586
400
92940
1566
411
92960
1560
429
92980
1542
438
93000
1521
445
93020
1509
453
93040
1488
457
93060
1462
468
93080
1448
486
93100
1438
508
93120
1421
525
93140
1405
549
93160
1405
570
93180
1421
589
93200
1433
613
93220
1423
630
93240
1404
661
93260
1368
674
93280
1347
699
93300
1317
718
93320
1281
742
93340
1235
759
93360
1189
777
93380
1153
798
93400
1109
823
93420
1065
839
93440
1010
873
93460
962
896
93480
905
919
93500
848
946
93520
790
978
93540
736
1003
93560
678
1035
93580
623
1062
93600
