1337
84
92960
1332
87
92980
1330
95
93000
1333
106
93020
1332
113
93040
1328
120
93060
1322
128
93080
1320
135
93100
1310
146
93120
1304
155
93140
1290
165
93160
1280
177
93180
1270
186
93200
1259
200
93220
1243
209
93240
1233
220
93260
1220
229
93280
1205
242
93300
1186
253
93320
1166
266
93340
1151
274
93360
1126
282
93380
1101
293
93400
1074
302
93420
1053
315
93440
1031
324
93460
1005
337
93480
980
349
93500
960
369
93520
938
388
93540
917
401
93560
886
413
93580
859
431
93600
828
449
93620
804
462
93640
780
484
93660
753
504
93680
734
524
93700
709
550
93720
691
581
93740
672
601
93760
651
633
93780
618
657
93800
577
678
93820
541
711
93840
507
742
93860
471
775
93880
440
804
93900
400
837
93920
356
872
93940
321
913
93960
279
942
93980
240
991
94000
205
1031
94020
