1501
184
93240
1490
187
93260
1480
200
93280
1469
204
93300
1458
216
93320
1456
228
93340
1449
234
93360
1447
242
93380
1450
256
93400
1458
271
93420
1455
285
93440
1446
297
93460
1445
309
93480
1437
326
93500
1430
336
93520
1429
355
93540
1420
365
93560
1405
377
93580
1398
395
93600
1395
408
93620
1387
415
93640
1382
424
93660
1369
437
93680
1357
451
93700
1358
466
93720
1355
485
93740
1349
498
93760
1354
516
93780
1355
537
93800
1350
559
93820
1352
583
93840
1361
606
93860
1375
631
93880
1389
652
93900
1390
673
93920
1388
692
93940
1398
719
93960
1393
744
93980
1376
759
94000
1389
788
94020
1412
825
94040
1433
865
94060
1452
898
94080
1477
949
94100
1503
989
94120
1522
1038
94140
