1487
177
93320
1470
180
93340
1454
187
93360
1438
198
93380
1426
200
93400
1416
215
93420
1409
223
93440
1401
227
93460
1395
237
93480
1381
244
93500
1373
257
93520
1365
263
93540
1356
278
93560
1338
292
93580
1332
301
93600
1320
309
93620
1309
323
93640
1298
336
93660
1285
348
93680
1272
362
93700
1253
380
93720
1235
393
93740
1213
405
93760
1198
419
93780
1184
435
93800
1173
456
93820
1158
475
93840
1153
490
93860
1144
505
93880
1137
529
93900
1125
550
93920
1121
572
93940
1109
594
93960
1088
614
93980
1062
632
94000
1032
650
94020
1002
662
94040
962
679
94060
917
686
94080
878
699
94100
851
717
94120
810
745
94140
776
762
94160
745
794
94180
710
816
94200
675
845
94220
655
877
94240
631
911
94260
598
949
94280
555
976
94300
515
1010
94320
477
1046
94340
438
1068
94360
