1766
773
93400
1734
775
93420
1691
752
93440
1657
722
93460
1624
671
93480
1588
646
93500
1554
626
93520
1522
598
93540
1496
579
93560
1474
560
93580
1450
542
93600
1442
531
93620
1426
517
93640
1399
498
93660
1375
485
93680
1356
463
93700
1335
448
93720
1320
430
93740
1311
410
93760
1313
391
93780
1300
375
93800
1291
357
93820
1287
341
93840
1289
322
93860
1300
304
93880
1298
294
93900
1307
275
93920
1304
264
93940
1295
247
93960
1292
233
93980
1286
214
94000
1283
204
94020
1282
194
94040
1278
180
94060
1272
164
94080
1270
156
94100
1272
142
94120
1277
132
94140
1285
122
94160
1293
112
94180
1285
89
94220
1276
81
94240
1271
70
94260
