1309
84
93420
1315
92
93440
1326
98
93460
1330
107
93480
1323
117
93500
1317
129
93520
1312
138
93540
1311
142
93560
1314
161
93580
1316
171
93600
1315
180
93620
1323
191
93640
1334
209
93660
1336
219
93680
1341
230
93700
1345
242
93720
1340
252
93740
1341
265
93760
1350
281
93780
1357
297
93800
1355
309
93820
1352
325
93840
1354
344
93860
1359
360
93880
1355
374
93900
1363
392
93920
1371
405
93940
1370
416
93960
1371
430
93980
1394
448
94000
1400
451
94020
1417
465
94040
1425
478
94060
1413
495
94080
1397
512
94100
1390
526
94120
1394
557
94140
1395
576
94160
1393
603
94180
1380
630
94200
1359
643
94220
1336
667
94240
1332
696
94260
1311
725
94280
1285
754
94300
1255
785
94320
1229
817
94340
1197
847
94360
1162
872
94380
1122
899
94400
1083
928
94420
1039
953
94440
982
982
94460
922
1004
94480
862
1025
94500
808
1051
94520
754
1071
94540
