490
118
93460
495
140
93480
504
152
93500
514
171
93520
517
172
93540
510
182
93560
508
198
93580
508
214
93600
510
230
93620
509
247
93640
508
263
93660
506
280
93680
505
295
93700
504
308
93720
502
322
93740
496
334
93760
486
345
93780
487
358
93800
487
371
93820
491
387
93840
492
399
93860
504
401
93880
515
407
93900
526
410
93920
520
408
93940
487
408
93960
451
426
93980
417
446
94000
384
460
94020
352
473
94040
315
486
94060
275
496
94080
241
509
94100
226
524
94120
224
542
94140
227
566
94160
225
591
94180
207
614
94200
197
647
94220
201
683
94240
200
717
94260
201
758
94280
193
800
94300
182
843
94320
182
886
94340
169
931
94360
156
979
94380
131
1035
94400
