576
120
93740
582
133
93760
584
144
93780
586
154
93800
590
167
93820
593
179
93840
598
191
93860
606
201
93880
617
207
93900
630
221
93920
649
236
93940
670
241
93960
696
245
93980
724
261
94000
749
273
94020
777
279
94040
810
296
94060
840
304
94080
873
319
94100
906
328
94120
938
341
94140
980
352
94160
1015
363
94180
1046
378
94200
1074
395
94220
1113
402
94240
1142
416
94260
1178
432
94280
1213
440
94300
1253
455
94320
1292
472
94340
1330
486
94360
1370
499
94380
1409
514
94400
1455
523
94420
1496
531
94440
1542
538
94460
1585
545
94480
1630
551
94500
1677
551
94520
1721
559
94540
1759
558
94560
