450
1045
94020
453
1033
94040
459
986
94060
463
937
94080
466
892
94100
453
856
94120
435
818
94140
430
770
94160
433
733
94180
447
696
94200
464
665
94220
482
635
94240
501
603
94260
512
573
94280
521
545
94300
526
517
94320
530
495
94340
532
467
94360
536
442
94380
544
430
94400
539
405
94420
542
383
94440
548
360
94460
552
343
94480
552
323
94500
560
304
94520
560
291
94540
567
274
94560
566
252
94580
561
238
94600
552
218
94620
548
206
94640
550
192
94660
553
181
94680
566
164
94700
573
151
94720
580
131
94740
594
125
94760
598
111
94780
603
99
94800
609
90
94820
613
82
94840
614
72
94860
