654
213
94080
678
221
94100
703
234
94120
724
248
94140
746
259
94160
776
270
94180
804
282
94200
838
296
94220
867
307
94240
896
316
94260
935
331
94280
971
347
94300
1000
351
94320
1037
367
94340
1074
374
94360
1106
386
94380
1139
398
94400
1174
412
94420
1211
433
94440
1231
445
94460
1253
463
94480
1284
481
94500
1315
494
94520
1342
512
94540
1374
528
94560
1416
541
94580
1461
550
94600
1503
558
94620
1552
561
94640
1601
563
94660
1647
563
94680
1689
563
94700
1722
568
94720
1751
565
94740
1773
566
94760
