1859
906
94320
1818
874
94340
1772
842
94360
1725
815
94380
1682
782
94400
1641
751
94420
1609
716
94440
1584
681
94460
1560
655
94480
1537
623
94500
1512
601
94520
1493
567
94540
1474
546
94560
1461
520
94580
1442
496
94600
1427
476
94620
1409
454
94640
1389
432
94660
1377
414
94680
1368
401
94700
1354
386
94720
1340
376
94740
1329
366
94760
1307
352
94780
1280
338
94800
1251
321
94820
1231
304
94840
1216
290
94860
1201
278
94880
1174
261
94900
1161
251
94920
1144
241
94940
1122
229
94960
1107
216
94980
1105
204
95000
1104
183
95020
1097
170
95040
1100
161
95060
1099
149
95080
1096
134
95100
1094
120
95120
1093
106
95140
1096
101
95160
1098
90
95180
1092
80
95200
1088
74
95220
1072
63
95240
1059
57
95260
1033
49
95280
1020
45
95300
1006
44
95320
