1481
182
94380
1462
188
94400
1439
199
94420
1416
207
94440
1398
217
94460
1382
230
94480
1367
242
94500
1361
254
94520
1359
274
94540
1364
290
94560
1366
308
94580
1373
325
94600
1378
341
94620
1369
362
94640
1353
377
94660
1342
396
94680
1341
415
94700
1350
433
94720
1350
455
94740
1353
478
94760
1367
498
94780
1382
524
94800
1407
555
94820
1420
586
94840
1436
621
94860
1458
656
94880
1484
689
94900
1509
724
94920
1532
757
94940
1552
808
94960
1564
844
94980
1579
888
95000
1594
938
95020
1613
979
95040
1638
1036
95060
1659
1074
95080
