556
65
94800
556
80
94820
562
92
94840
567
101
94860
577
118
94880
583
125
94900
586
134
94920
593
148
94940
595
157
94960
586
165
94980
579
188
95000
578
201
95020
577
211
95040
573
228
95060
570
248
95080
572
265
95100
573
279
95120
576
295
95140
577
309
95160
578
328
95180
580
346
95200
587
364
95220
585
388
95240
586
409
95260
593
428
95280
615
447
95300
634
471
95320
641
481
95340
643
497
95360
652
512
95380
655
536
95400
650
561
95420
648
584
95440
658
620
95460
672
647
95480
688
676
95500
714
702
95520
743
732
95540
783
761
95560
831
786
95580
871
815
95600
903
843
95620
930
873
95640
927
905
95660
944
935
95680
981
978
95700
1017
1018
95720
1068
1062
95740
