1753
516
95340
1702
509
95360
1654
507
95380
1613
518
95400
1583
525
95420
1548
541
95440
1511
552
95460
1480
570
95480
1431
574
95500
1379
577
95520
1329
588
95540
1282
590
95560
1240
606
95580
1189
617
95600
1143
635
95620
1096
646
95640
1043
652
95660
997
656
95680
945
662
95700
887
666
95720
825
653
95740
765
651
95760
705
642
95780
664
631
95800
610
625
95820
564
621
95840
526
618
95860
485
607
95880
440
588
95900
393
578
95920
344
564
95940
290
553
95960
243
550
95980
182
535
96000
138
533
96020
82
531
96040
29
515
96060
