1600
312
95160
1555
308
95180
1509
302
95200
1464
291
95220
1418
288
95240
1375
286
95260
1326
277
95280
1281
277
95300
1230
271
95320
1187
268
95340
1139
265
95360
1095
260
95380
1047
253
95400
1002
247
95420
956
244
95440
909
242
95460
862
242
95480
820
241
95500
784
231
95520
744
229
95540
705
221
95560
678
204
95580
647
195
95600
631
182
95620
617
166
95640
606
152
95660
605
144
95680
602
124
95700
600
111
95720
603
97
95740
601
82
95760
604
73
95780
608
64
95800
