728
1028
95160
749
1000
95180
777
972
95200
794
942
95220
808
913
95240
820
887
95260
829
870
95280
833
839
95300
836
813
95320
840
798
95340
826
771
95360
821
752
95380
794
730
95400
779
713
95420
761
694
95440
745
677
95460
733
663
95480
721
647
95500
701
628
95520
697
612
95540
688
596
95560
685
584
95580
685
570
95600
685
554
95620
690
548
95640
688
535
95660
694
526
95680
690
508
95700
698
493
95720
699
484
95740
693
479
95760
706
466
95780
717
455
95800
733
453
95820
750
444
95840
777
433
95860
786
427
95880
806
425
95900
823
414
95920
832
405
95940
845
396
95960
856
395
95980
868
382
96000
877
380
96020
885
369
96040
898
361
96060
905
348
96080
909
342
96100
912
338
96120
912
331
96140
919
323
96160
911
311
96180
922
305
96200
921
302
96220
932
285
96240
934
282
96260
941
273
96280
949
267
96300
959
260
96320
971
254
96340
979
251
96360
980
238
96380
981
232
96400
976
223
96420
975
213
96440
975
209
96460
971
195
96480
971
183
96500
973
174
96520
965
176
96540
968
176
96560
964
179
96580
957
179
96600
958
182
96620
955
185
96640
960
187
96660
