1047
146
95740
1048
162
95760
1045
177
95780
1049
197
95800
1058
205
95820
1061
215
95840
1067
231
95860
1067
238
95880
1071
257
95900
1073
265
95920
1075
283
95940
1084
292
95960
1097
306
95980
1109
321
96000
1128
328
96020
1136
351
96040
1139
363
96060
1139
372
96080
1139
397
96100
1143
401
96120
1160
407
96140
1166
422
96160
1175
436
96180
1192
451
96200
1200
471
96220
1205
483
96240
1212
502
96260
1221
514
96280
1239
530
96300
1252
548
96320
1270
571
96340
1293
595
96360
1312
617
96380
1332
639
96400
1362
659
96420
1385
682
96440
1422
708
96460
1437
729
96480
1468
761
96500
1495
787
96520
1522
803
96540
1547
838
96560
1566
869
96580
1589
908
96600
1617
941
96620
1643
974
96640
1666
1016
96660
1689
1054
96680
