1266
85
95860
1265
96
95880
1271
98
95900
1279
111
95920
1283
120
95940
1284
135
95960
1288
140
95980
1290
149
96000
1299
156
96020
1296
163
96040
1297
170
96060
1293
174
96080
1289
182
96100
1277
188
96120
1274
192
96140
1270
198
96160
1268
205
96180
1262
207
96200
1265
210
96220
1240
222
96600
1238
224
96620
1236
229
96640
1239
235
96660
1243
249
96680
1247
252
96700
1253
265
96720
1257
277
96740
1265
290
96760
1266
303
96780
1269
317
96800
1265
330
96820
1260
345
96840
1256
357
96860
1252
370
96880
1263
383
96900
1264
399
96920
1263
412
96940
1253
427
96960
1252
440
96980
1246
455
97000
1242
469
97020
1245
480
97040
1247
501
97060
1247
516
97080
1254
532
97100
1249
548
97120
1245
564
97140
1239
583
97160
1235
600
97180
1227
619
97200
1219
638
97220
1220
660
97240
1224
677
97260
1225
704
97280
1221
726
97300
1219
738
97320
1208
764
97340
1205
788
97360
1205
807
97380
1196
832
97400
1197
859
97420
1205
891
97440
1212
916
97460
1221
946
97480
1229
973
97500
1237
1003
97520
1245
1031
97540
1245
1065
97560
