1657
1017
96980
1616
967
97000
1573
912
97020
1536
865
97040
1520
815
97060
1487
768
97080
1459
729
97100
1424
683
97120
1405
647
97140
1394
611
97160
1385
583
97180
1357
553
97200
1323
521
97220
1290
487
97240
1264
459
97260
1246
432
97280
1233
402
97300
1222
377
97320
1206
347
97340
1191
324
97360
1179
303
97380
1158
282
97400
1140
261
97420
1124
240
97440
1123
221
97460
1118
201
97480
1119
184
97500
1114
162
97520
1110
149
97540
1108
130
97560
1108
120
97580
1108
110
97600
1106
93
97620
1104
83
97640
1100
72
97660
1080
66
97680
1047
58
97700
1020
46
97720
1006
38
97740
