1596
389
96500
1564
419
96520
1533
409
96540
1507
440
96560
1489
463
96580
1463
460
96600
1434
474
96620
1420
494
96640
1412
508
96660
1395
500
96680
1365
511
96700
1344
531
96720
1331
550
96740
1314
571
96760
1291
585
96780
1266
599
96800
1245
619
96820
1225
637
96840
1209
659
96860
1195
684
96880
1176
699
96900
1147
721
96920
1115
744
96940
1084
771
96960
1057
793
96980
1043
799
97000
1011
822
97020
982
851
97040
954
882
97060
915
912
97080
873
931
97100
816
957
97120
771
976
97140
725
1012
97160
686
1036
97180
639
1064
97200
