600
81
96460
595
89
96480
594
97
96500
592
109
96520
596
112
96540
597
124
96560
591
136
96580
589
148
96600
589
156
96620
597
173
96640
599
181
96660
607
190
96680
612
203
96700
610
217
96720
609
233
96740
611
247
96760
612
259
96780
609
276
96800
606
294
96820
601
310
96840
602
323
96860
596
344
96880
594
359
96900
594
383
96920
593
398
96940
594
420
96960
598
437
96980
600
457
97000
601
479
97020
598
507
97040
601
527
97060
609
554
97080
617
576
97100
632
602
97120
649
626
97140
674
655
97160
694
675
97180
723
708
97200
758
733
97220
790
762
97240
825
786
97260
861
813
97280
894
849
97300
929
881
97320
963
918
97340
1000
953
97360
1038
983
97380
1072
1024
97400
1122
1058
97420
