174
632
97960
222
645
97980
278
649
98000
325
646
98020
365
663
98040
415
667
98060
479
647
98080
528
655
98100
580
661
98120
627
674
98140
677
682
98160
739
688
98180
792
688
98200
843
690
98220
905
684
98240
957
684
98260
1015
685
98280
1076
689
98300
1130
688
98320
1180
680
98340
1243
679
98360
1295
680
98380
1361
675
98400
1404
666
98420
1451
658
98440
1497
647
98460
1544
641
98480
1584
632
98500
1632
627
98520
1677
625
98540
1724
624
98560
1759
618
98580
