1362
1038
97740
1318
1025
97760
1271
1002
97780
1227
967
97800
1177
952
97820
1136
860
97840
1082
838
97860
1024
834
97880
972
823
97900
915
803
97920
859
782
97940
800
771
97960
749
760
97980
696
741
98000
644
731
98020
590
718
98040
565
697
98060
525
686
98080
489
672
98100
445
652
98120
393
646
98140
348
633
98160
302
617
98180
265
605
98200
216
591
98220
168
585
98240
123
571
98260
75
558
98280
19
550
98300
