592
1048
98260
631
1044
98280
635
992
98300
644
944
98320
647
899
98340
646
857
98360
645
817
98380
637
725
98400
643
692
98420
649
656
98440
653
621
98460
665
588
98480
679
561
98500
697
535
98520
728
512
98540
764
486
98560
798
467
98580
829
447
98600
854
429
98620
879
410
98640
909
393
98660
935
379
98680
961
360
98700
993
343
98720
1029
333
98740
1062
318
98760
1095
303
98780
1113
283
98800
1137
270
98820
1156
256
98840
1173
242
98860
1187
226
98880
1194
207
98900
1196
194
98920
1197
178
98940
1196
165
98960
1196
151
98980
1198
139
99000
1212
127
99020
1216
111
99040
1224
99
99060
1231
85
99080
1235
71
99100
1237
66
99120
