330
1030
98640
336
993
98660
379
939
98680
405
894
98700
420
860
98720
434
824
98740
447
782
98760
462
750
98780
465
714
98800
473
687
98820
469
649
98840
470
623
98860
484
604
98880
505
579
98900
529
562
98920
539
533
98940
544
509
98960
559
483
98980
568
467
99000
574
443
99020
586
417
99040
587
404
99060
594
383
99080
599
364
99100
611
343
99120
624
327
99140
640
315
99160
650
297
99180
661
283
99200
670
268
99220
673
254
99240
684
236
99260
696
221
99280
702
209
99300
717
195
99320
721
185
99340
725
172
99360
727
158
99380
731
144
99400
733
129
99420
737
115
99440
740
103
99460
747
93
99480
745
77
99500
760
66
99520
770
59
99540
787
52
99560
793
45
99580
