562
173
98340
559
182
98360
559
189
98380
595
212
98400
618
212
98420
637
223
98440
660
226
98460
682
241
98480
709
253
98500
734
256
98520
764
273
98540
792
279
98560
818
291
98580
840
297
98600
864
310
98620
903
323
98640
931
331
98660
962
344
98680
985
356
98700
1022
371
98720
1038
378
98740
1068
395
98760
1098
411
98780
1132
425
98800
1150
435
98820
1178
462
98840
1199
475
98860
1227
501
98880
1248
525
98900
1279
545
98920
1295
565
98940
1318
589
98960
1324
621
98980
1343
647
99000
1366
670
99020
1411
694
99040
1443
720
99060
1449
743
99080
1456
776
99100
1465
800
99120
1485
832
99140
1501
870
99160
1518
915
99180
1525
946
99200
1522
989
99220
1513
1028
99240
