131
1016
98520
112
1032
98540
180
934
98560
195
899
98580
207
858
98600
222
826
98620
240
792
98640
253
765
98660
275
739
98680
298
705
98700
304
680
98720
320
639
98740
331
617
98760
347
592
98780
368
559
98800
382
542
98820
393
513
98840
405
501
98860
415
480
98880
427
463
98900
446
441
98920
458
422
98940
465
403
98960
466
380
98980
477
367
99000
484
349
99020
498
328
99040
514
319
99060
540
303
99080
560
296
99100
582
285
99120
608
270
99140
631
256
99160
643
241
99180
665
229
99200
675
214
99220
681
201
99240
689
189
99260
697
174
99280
702
156
99300
702
145
99320
698
135
99340
703
115
99360
705
106
99380
709
92
99400
706
77
99420
714
67
99440
729
57
99460
765
55
99480
785
47
99500
796
42
99520
