339
1042
98860
369
997
98880
393
949
98900
416
908
98920
443
869
98940
456
828
98960
463
798
98980
463
765
99000
481
730
99020
496
698
99040
510
665
99060
520
639
99080
534
611
99100
543
587
99120
555
556
99140
558
530
99160
565
505
99180
574
482
99200
580
461
99220
598
441
99240
606
417
99260
614
401
99280
627
380
99300
638
358
99320
645
342
99340
646
323
99360
648
307
99380
650
294
99400
661
280
99420
665
264
99440
671
250
99460
672
235
99480
680
219
99500
691
207
99520
698
198
99540
703
181
99560
706
165
99580
710
150
99600
712
135
99620
710
123
99640
712
112
99660
710
99
99680
708
86
99700
715
77
99720
727
74
99740
743
62
99760
764
57
99780
795
56
99800
804
46
99820
