201
1036
98720
243
965
98740
284
899
98760
329
842
98780
365
790
98800
394
740
98820
417
693
98840
421
647
98860
426
608
98880
430
571
98900
443
529
98920
465
495
98940
481
467
98960
492
438
98980
503
413
99000
504
392
99020
502
378
99040
485
371
99060
463
371
99080
442
367
99100
434
374
99120
433
370
99160
445
369
99180
453
366
99200
454
366
99240
446
370
99260
437
371
99280
428
374
99300
433
372
99400
429
372
99420
421
372
99440
416
374
99460
414
373
99480
411
372
99500
409
374
99540
419
373
99560
428
373
99580
445
367
99600
448
367
99620
437
368
99680
432
371
99700
424
369
99720
416
373
99740
417
373
99760
419
370
100000
413
365
100020
403
371
100040
404
374
100060
402
374
100080
404
367
100320
404
370
100340
391
372
100360
382
372
100380
377
375
100400
372
372
100420
365
377
100440
356
374
100460
360
375
100480
358
381
100680
360
379
100700
355
377
100720
352
376
101680
350
375
101700
348
374
101720
334
373
101740
315
378
101760
317
375
102380
324
384
102400
325
390
102420
343
409
102440
370
416
102460
402
420
102480
431
431
102500
449
438
102520
464
441
102540
491
425
102560
516
403
102580
537
385
102600
564
368
102620
593
348
102640
621
334
102660
631
319
102680
641
311
102700
649
303
102720
654
311
102740
662
323
102760
678
335
102780
696
354
102800
705
372
102820
718
386
102840
721
405
102860
727
429
102880
734
446
102900
738
470
102920
750
496
102940
761
514
102960
768
540
102980
766
560
103000
772
572
103020
773
573
103500
759
584
103520
761
600
103540
751
627
103560
756
655
103580
757
685
103600
762
721
103620
765
760
103640
775
797
103660
776
840
103680
781
886
103700
792
937
103720
805
994
103740
827
1057
103760
