1188
1027
99180
1158
1001
99200
1117
971
99220
1083
947
99240
1050
922
99260
1019
903
99280
993
887
99300
955
867
99320
926
846
99340
882
824
99360
854
806
99380
822
783
99400
796
768
99420
778
750
99440
755
733
99460
725
726
99480
693
712
99500
650
704
99520
614
695
99540
581
688
99560
545
683
99580
500
679
99600
463
671
99620
426
663
99640
399
658
99660
383
649
99680
356
641
99700
327
633
99720
298
630
99740
267
625
99760
232
618
99780
193
610
99800
158
602
99820
121
593
99840
