1431
1014
98920
1426
1005
98940
1402
977
98960
1382
944
98980
1366
908
99000
1359
881
99020
1354
853
99040
1348
828
99060
1346
806
99080
1340
776
99100
1333
755
99120
1328
733
99140
1320
705
99160
1311
681
99180
1304
654
99200
1300
631
99220
1293
607
99240
1287
588
99260
1282
571
99280
1277
555
99300
1268
543
99320
1266
531
99340
1260
516
99360
1253
502
99380
1252
485
99400
1253
431
99420
1252
412
99440
1248
398
99460
1246
378
99480
1249
357
99500
1248
342
99520
1240
326
99540
1239
305
99560
1238
290
99580
1232
276
99600
1234
263
99620
1230
246
99640
1231
231
99660
1236
219
99680
1237
205
99700
1237
193
99720
1235
177
99740
1238
168
99760
1236
156
99780
1230
145
99800
1223
132
99820
1217
121
99840
1212
110
99860
1210
99
99880
1206
91
99900
1198
82
99920
1195
73
99940
