1469
1008
99420
1436
973
99440
1396
933
99460
1372
891
99480
1332
848
99500
1307
804
99520
1287
768
99540
1259
735
99560
1232
698
99580
1217
670
99600
1193
635
99620
1170
608
99640
1148
581
99660
1124
555
99680
1099
530
99700
1076
504
99720
1048
487
99740
1018
466
99760
987
441
99780
956
422
99800
924
405
99820
889
391
99840
862
371
99860
830
355
99880
798
344
99900
769
331
99920
736
314
99940
724
299
99960
698
281
99980
678
266
100000
665
251
100020
646
239
100040
630
224
100060
613
215
100080
605
201
100100
594
185
100120
594
176
100140
587
163
100160
590
150
100180
593
139
100200
595
129
100220
588
119
100240
580
105
100260
575
95
100280
575
84
100300
571
72
100320
571
67
100340
569
54
100360
