1530
988
99300
1507
986
99320
1477
948
99340
1445
914
99360
1419
881
99380
1399
852
99400
1373
827
99420
1329
770
99440
1298
739
99460
1269
702
99480
1250
676
99500
1223
645
99520
1197
620
99540
1172
593
99560
1152
563
99580
1124
538
99600
1098
518
99620
1074
495
99640
1053
474
99660
1026
453
99680
1001
436
99700
979
420
99720
962
401
99740
946
382
99760
922
366
99780
898
357
99800
874
342
99820
847
325
99840
823
314
99860
801
299
99880
775
284
99900
755
275
99920
734
260
99940
717
252
99960
704
236
99980
682
224
100000
668
212
100020
658
205
100040
639
194
100060
625
186
100080
612
177
100100
604
168
100120
606
153
100140
601
147
100160
599
130
100180
605
121
100200
604
113
100220
602
100
100240
601
88
100260
595
74
100280
596
65
100300
