1158
97
99360
1160
125
99380
1160
139
99400
1163
154
99420
1166
157
99440
1168
185
99460
1169
186
99480
1172
207
99500
1164
220
99520
1147
241
99540
1125
248
99560
1101
252
99580
1079
273
99600
1056
294
99620
1033
300
99640
1004
324
99660
981
331
99680
959
350
99700
932
370
99720
914
382
99740
889
394
99760
857
407
99780
827
431
99800
801
448
99820
781
467
99840
758
466
99860
737
491
99880
710
513
99900
690
544
99920
668
571
99940
645
600
99960
620
625
99980
584
657
100000
554
689
100020
529
723
100040
499
764
100060
462
794
100080
430
836
100100
390
875
100120
343
922
100140
301
962
100160
264
1009
100180
226
1056
100200
