1159
95
99780
1158
102
99800
1161
109
99820
1169
123
99840
1169
135
99860
1175
145
99880
1176
155
99900
1178
171
99920
1181
178
99940
1176
193
99960
1168
202
99980
1151
216
100000
1143
234
100020
1128
248
100040
1116
267
100060
1092
290
100080
1075
305
100100
1059
323
100120
1033
339
100140
998
358
100160
969
370
100180
935
389
100200
896
405
100220
863
425
100240
831
443
100260
807
466
100280
779
489
100300
743
508
100320
702
526
100340
662
548
100360
632
576
100380
614
608
100400
602
643
100420
580
680
100440
553
719
100460
527
758
100480
498
794
100500
460
841
100520
429
880
100540
392
920
100560
353
968
100580
322
1011
100600
283
1063
100620
