781
501
0
780
498
20
779
503
40
775
501
60
777
504
80
775
504
160
778
508
180
790
515
200
794
525
220
803
535
360
812
519
380
825
509
400
835
493
420
842
487
440
835
482
460
854
480
480
879
472
500
905
479
520
935
486
540
964
493
560
987
496
580
1002
514
600
1014
525
620
1015
535
640
1011
545
660
1009
553
680
1007
553
700
1005
555
720
1009
553
1060
1007
550
1080
1014
549
1280
1015
556
1300
1020
559
1320
1022
557
1340
1021
555
1400
1014
556
1420
1009
551
1440
1007
547
1460
1010
548
1520
1010
540
1540
998
530
1560
975
516
1580
811
520
1680
777
521
1700
756
526
1720
745
531
1740
735
532
1760
737
531
1780
736
532
1800
735
532
1820
739
531
1880
750
532
1900
776
537
1920
792
543
2080
763
558
2100
734
575
2120
719
597
2140
708
624
2160
712
644
2180
718
677
2200
721
706
2220
718
732
2240
723
763
2260
721
796
2280
725
832
2300
728
873
2320
735
919
2340
743
958
2360
743
1006
2380
747
1050
2400
