551
75
1200
561
88
1220
566
105
1240
571
113
1260
574
122
1280
584
131
1300
591
143
1320
598
152
1340
602
165
1360
614
175
1380
618
191
1400
628
206
1420
647
218
1440
663
230
1460
675
241
1480
695
257
1500
710
265
1520
722
281
1540
739
294
1560
756
306
1580
774
329
1600
793
346
1620
816
357
1640
837
375
1660
858
393
1680
879
412
1700
900
428
1720
919
449
1740
939
467
1760
963
490
1780
985
512
1800
1012
532
1820
1032
559
1840
1054
584
1860
1073
612
1880
1091
639
1900
1109
665
1920
1131
696
1940
1150
731
1960
1171
762
1980
1209
797
2000
1241
833
2020
1264
866
2040
1294
905
2060
1317
954
2080
1340
995
2100
1367
1033
2120
