639
1009
2120
685
978
2140
730
940
2160
775
903
2180
816
869
2200
855
830
2220
896
800
2240
938
768
2260
976
739
2280
1003
708
2300
1030
674
2320
1053
645
2340
1077
614
2360
1094
585
2380
1107
555
2400
1114
524
2420
1122
499
2440
1132
473
2460
1141
447
2480
1146
426
2500
1149
403
2520
1151
382
2540
1156
362
2560
1161
342
2580
1165
326
2600
1170
305
2620
1183
293
2640
1191
275
2660
1197
261
2680
1200
248
2700
1204
228
2720
1208
215
2740
1214
201
2760
1212
189
2780
1213
174
2800
1206
163
2820
1211
146
2840
1203
135
2860
1199
127
2880
1189
117
2900
1193
104
2920
1191
91
2940
1191
83
2960
1189
74
2980
