172
1021
880
209
1009
900
226
977
920
229
962
940
238
915
960
261
883
980
278
849
1000
302
810
1020
313
782
1040
333
753
1060
358
718
1080
373
692
1100
388
669
1120
396
641
1140
410
612
1160
426
587
1180
440
565
1200
448
531
1220
455
509
1240
468
487
1260
476
468
1280
484
452
1300
491
435
1320
492
420
1340
496
401
1360
496
364
1380
499
351
1400
486
343
1420
489
344
1440
487
338
1780
488
336
1800
487
334
1820
476
337
1840
468
337
1860
468
338
1880
470
341
1900
467
335
1980
465
339
2020
464
339
2040
464
339
2060
461
337
2080
461
338
2100
461
339
2120
456
335
2540
454
339
2560
455
339
2580
456
338
2600
444
335
2620
436
334
2640
428
338
2660
426
339
2680
421
337
2840
423
336
2900
423
336
2920
415
336
2940
419
337
2960
418
338
3360
421
340
3380
422
337
3400
416
337
3420
410
331
3440
399
330
3460
401
334
3480
397
335
3540
398
335
3560
395
332
3580
396
333
3620
396
333
3640
394
339
4080
392
334
4100
391
333
4120
386
331
4140
374
329
4160
365
329
4180
356
332
4200
355
334
4660
355
333
4760
357
342
4780
352
346
4800
350
351
4820
349
348
5520
353
350
5540
352
351
5560
387
355
5580
417
357
5600
454
351
5620
490
346
5640
528
341
5660
563
332
5680
599
330
5700
625
318
5720
649
312
5740
674
304
5760
692
317
5780
700
332
5800
712
346
5820
720
366
5840
738
380
5860
740
396
5880
745
418
5900
759
458
5940
768
475
5960
772
490
5980
781
511
6000
789
523
6020
799
527
6040
794
528
6060
799
529
6080
799
534
6100
794
531
6260
807
513
6280
826
494
6300
843
470
6320
860
459
6340
902
418
6380
932
402
6400
954
389
6420
984
370
6440
1006
362
6460
1030
351
6480
1049
334
6500
1063
313
6520
1083
297
6540
1099
288
6560
1107
269
6580
1132
255
6600
1146
250
6620
1170
238
6640
1191
228
6660
1213
218
6680
1232
212
6700
1246
201
6720
1260
190
6740
1267
179
6760
1282
167
6780
1288
156
6800
1297
150
6820
1304
136
6840
1306
128
6860
1311
118
6880
1314
106
6900
1318
106
6920
1327
98
6940
1337
87
6960
1343
81
6980
1353
78
7000
