1680
510
3140
1637
522
3160
1593
534
3180
1542
534
3200
1495
531
3220
1445
527
3240
1401
526
3260
1351
517
3280
1305
518
3300
1257
512
3320
1212
511
3340
1163
503
3360
1117
503
3380
1071
498
3400
1021
494
3420
970
495
3440
923
484
3460
876
485
3480
828
499
3500
778
497
3520
738
507
3540
698
519
3560
648
523
3580
597
528
3600
550
535
3620
486
514
3640
433
507
3660
380
510
3680
328
506
3700
275
509
3720
227
512
3740
178
512
3760
124
506
3780
85
503
3800
28
498
3820
