378
1036
5080
414
990
5100
443
945
5120
466
898
5140
484
856
5160
498
824
5180
519
777
5200
540
747
5220
547
713
5240
558
686
5260
562
656
5280
572
625
5300
595
604
5320
617
572
5340
636
543
5360
643
518
5380
654
492
5400
663
467
5420
664
441
5440
677
425
5460
693
402
5480
712
387
5500
729
365
5520
758
350
5540
790
337
5560
823
321
5580
851
308
5600
890
302
5620
926
287
5640
955
277
5660
988
267
5680
1015
260
5700
1050
248
5720
1080
240
5740
1111
230
5760
1144
226
5780
1158
212
5800
1174
195
5820
1193
185
5840
1196
170
5860
1201
156
5880
1203
138
5900
1201
129
5920
1202
117
5940
1198
110
5960
1188
96
5980
1179
83
6000
1181
76
6020
