600
83
4820
599
99
4840
601
111
4860
611
119
4880
611
139
4900
609
150
4920
612
166
4940
626
179
4960
645
189
4980
672
202
5000
706
218
5020
737
227
5040
764
231
5060
803
247
5080
838
255
5100
865
271
5120
904
285
5140
932
301
5160
969
310
5180
1007
332
5200
1048
342
5220
1089
354
5240
1136
374
5260
1167
394
5280
1210
412
5300
1247
429
5320
1273
449
5340
1317
475
5360
1356
497
5380
1411
515
5400
1468
525
5420
1520
533
5440
1572
546
5460
1625
549
5480
1676
551
5500
1736
553
5520
1779
561
5540
