204
1041
5240
227
982
5260
255
945
5280
277
910
5300
296
868
5320
310
824
5340
326
792
5360
338
762
5380
353
720
5400
362
691
5420
388
658
5440
396
637
5460
413
605
5480
431
583
5500
447
549
5520
461
529
5540
474
508
5560
492
483
5580
511
457
5600
516
441
5620
541
418
5640
553
396
5660
570
384
5680
586
365
5700
601
341
5720
611
328
5740
620
308
5760
633
293
5780
643
281
5800
650
262
5820
663
250
5840
671
230
5860
687
224
5880
702
207
5900
720
189
5920
729
176
5940
733
159
5960
732
150
5980
733
132
6000
731
121
6020
732
106
6040
735
97
6060
741
89
6080
747
79
6100
767
66
6120
784
57
6140
796
45
6160
815
42
6180
