494
106
4920
495
137
4940
496
148
4960
501
161
4980
504
174
5000
508
190
5020
511
203
5040
516
216
5060
523
229
5080
527
244
5100
535
261
5120
544
276
5140
552
291
5160
561
309
5180
568
324
5200
573
344
5220
576
363
5240
581
381
5260
589
402
5280
595
421
5300
598
445
5320
597
468
5340
596
490
5360
602
515
5380
604
540
5400
609
540
5420
616
568
5440
615
594
5460
632
619
5480
642
647
5500
642
676
5520
651
702
5540
659
740
5560
669
770
5580
680
815
5600
683
853
5620
693
888
5640
702
934
5660
719
979
5680
736
1021
5700
746
1066
5720
