561
98
5360
569
100
5380
573
118
5400
577
122
5420
580
128
5440
592
147
5460
603
153
5480
609
159
5500
619
173
5520
633
184
5540
641
197
5560
657
209
5580
672
223
5600
687
229
5620
702
240
5640
717
252
5660
733
262
5680
751
273
5700
768
288
5720
787
294
5740
806
310
5760
836
323
5780
856
337
5800
878
348
5820
901
361
5840
918
382
5860
944
392
5880
968
411
5900
987
427
5920
1010
441
5940
1032
454
5960
1056
472
5980
1078
489
6000
1107
509
6020
1128
524
6040
1156
546
6060
1186
568
6080
1212
585
6100
1238
605
6120
1267
624
6140
1297
650
6160
1327
672
6180
1351
693
6200
1362
724
6220
1379
745
6240
1395
764
6260
1412
789
6280
1415
813
6300
1420
838
6320
1445
866
6340
1475
892
6360
1504
911
6380
1555
923
6400
1609
929
6420
1662
934
6440
1717
946
6460
1768
945
6480
1833
961
6500
1882
974
6520
