1491
183
6700
1474
189
6720
1450
197
6740
1426
202
6760
1402
210
6780
1376
219
6800
1349
227
6820
1323
234
6840
1295
240
6860
1266
248
6880
1239
254
6900
1212
259
6920
1190
265
6940
1176
273
6960
1144
284
6980
1109
288
7000
1078
298
7020
1045
302
7040
1010
309
7060
978
318
7080
951
328
7100
925
334
7120
890
345
7140
860
360
7160
825
370
7180
787
384
7200
755
390
7220
707
400
7240
677
412
7260
630
425
7280
585
438
7300
550
445
7320
500
450
7340
457
454
7360
411
461
7380
369
474
7400
319
476
7420
282
482
7440
237
490
7460
191
492
7480
150
493
7500
108
498
7520
58
500
7540
23
498
7560
