322
1004
6780
354
998
6800
374
957
6820
394
912
6840
419
872
6860
440
832
6880
459
801
6900
466
764
6920
480
727
6940
498
696
6960
512
662
6980
530
630
7000
544
599
7020
555
571
7040
566
543
7060
580
517
7080
594
494
7100
613
471
7120
632
449
7140
648
427
7160
661
406
7180
674
383
7200
687
364
7220
697
346
7240
709
324
7260
719
284
7280
726
267
7300
738
250
7320
742
232
7340
740
223
7360
739
201
7380
743
185
7400
744
172
7420
748
150
7440
748
144
7460
748
127
7480
747
121
7500
747
99
7520
748
92
7540
762
75
7560
769
67
7580
790
57
7600
805
52
7620
820
44
7640
