653
1019
7380
698
983
7400
746
951
7420
794
917
7440
838
881
7460
879
836
7480
910
807
7500
939
776
7520
971
742
7540
996
712
7560
1017
678
7580
1034
650
7600
1056
624
7620
1072
592
7640
1088
564
7660
1092
537
7680
1106
514
7700
1126
490
7720
1140
469
7740
1155
448
7760
1174
424
7780
1188
406
7800
1201
391
7820
1216
371
7840
1228
355
7860
1240
335
7880
1243
317
7900
1239
299
7920
1237
283
7940
1231
262
7960
1232
250
7980
1244
233
8000
1253
222
8020
1258
208
8040
1269
192
8060
1274
181
8080
1281
168
8100
1285
158
8120
1287
140
8140
1288
127
8160
1288
121
8180
1275
102
8200
1267
92
8220
1260
81
8240
1258
70
8260
