1356
89
7660
1342
101
7680
1340
111
7700
1340
124
7720
1341
133
7740
1347
143
7760
1354
155
7780
1358
168
7800
1360
178
7820
1366
188
7840
1371
199
7860
1378
210
7880
1383
223
7900
1387
235
7920
1392
248
7940
1398
260
7960
1404
273
7980
1411
289
8000
1416
306
8020
1426
324
8040
1433
339
8060
1442
353
8080
1453
368
8100
1467
382
8120
1481
406
8140
1492
402
8160
1506
421
8180
1524
436
8200
1537
448
8220
1551
465
8240
1569
477
8260
1576
481
8280
1583
488
8440
1601
496
8460
1625
514
8480
1646
526
8500
1673
533
8520
1703
546
8540
1741
552
8560
1772
555
8580
