1209
82
7900
1202
94
7920
1199
104
7940
1208
114
7960
1218
139
7980
1213
133
8000
1216
112
8020
1212
153
8040
1217
172
8060
1218
182
8080
1222
192
8100
1225
204
8120
1227
221
8140
1232
240
8160
1234
251
8180
1244
264
8200
1257
282
8220
1263
297
8240
1269
313
8260
1289
330
8280
1285
355
8300
1290
376
8320
1298
395
8340
1301
416
8360
1301
442
8380
1307
462
8400
1314
484
8420
1321
510
8440
1317
536
8460
1322
563
8480
1329
588
8500
1333
614
8520
1352
643
8540
1362
682
8560
1384
713
8580
1401
741
8600
1427
775
8620
1449
813
8640
1454
849
8660
1458
888
8680
1454
926
8700
1455
969
8720
1449
1009
8740
1447
1048
8760
