1236
73
7920
1232
83
7940
1229
93
7960
1227
99
7980
1230
115
8000
1223
127
8020
1218
138
8040
1211
146
8060
1201
160
8080
1189
171
8100
1186
182
8120
1168
197
8140
1152
213
8160
1130
223
8180
1111
236
8200
1089
242
8220
1070
251
8240
1054
270
8260
1038
283
8280
1015
295
8300
993
317
8320
968
327
8340
945
352
8360
921
364
8380
895
384
8400
872
400
8420
850
416
8440
821
435
8460
798
455
8480
782
474
8500
768
500
8520
756
522
8540
738
543
8560
715
571
8580
690
598
8600
659
613
8620
622
633
8640
586
666
8660
551
684
8680
512
720
8700
484
757
8720
460
788
8740
425
829
8760
388
868
8780
356
906
8800
305
950
8820
280
987
8840
235
1039
8860
