1496
220
8500
1479
251
8520
1453
255
8540
1426
264
8560
1397
272
8580
1368
245
8600
1346
255
8620
1324
273
8640
1302
284
8660
1290
300
8680
1278
320
8700
1267
344
8720
1250
360
8740
1238
385
8760
1229
411
8780
1218
425
8800
1208
453
8820
1209
486
8840
1191
511
8860
1170
539
8880
1138
561
8900
1099
590
8920
1062
610
8940
1023
644
8960
980
662
8980
939
698
9000
893
731
9020
834
759
9040
778
786
9060
715
816
9080
660
852
9100
597
886
9120
538
922
9140
472
957
9160
411
1001
9180
342
1048
9200
