1498
172
9540
1472
174
9560
1448
181
9580
1433
209
9600
1403
216
9620
1364
194
9640
1336
195
9660
1302
202
9680
1276
206
9700
1248
219
9720
1224
223
9740
1198
234
9760
1171
241
9780
1145
249
9800
1108
257
9820
1077
260
9840
1051
275
9860
1016
281
9880
985
291
9900
945
303
9920
925
311
9940
895
323
9960
861
340
9980
822
350
10000
787
359
10020
744
369
10040
706
382
10060
664
396
10080
618
398
10100
564
404
10120
518
413
10140
474
427
10160
429
440
10180
389
452
10200
340
463
10220
296
468
10240
241
487
10260
187
494
10280
135
496
10300
88
494
10320
34
493
10340
