1309
84
9300
1287
72
9320
1282
81
9340
1282
81
9360
1282
80
9380
1302
119
9400
1304
130
9420
1299
138
9440
1299
142
9460
1288
151
9480
1289
167
9500
1282
173
9520
1273
187
9540
1262
193
9560
1249
202
9580
1240
211
9600
1232
227
9620
1215
234
9640
1214
247
9660
1208
257
9680
1203
273
9700
1202
282
9720
1188
293
9740
1170
306
9760
1147
318
9780
1121
323
9800
1097
336
9820
1075
341
9840
1041
353
9860
1028
372
9880
1005
380
9900
983
387
9920
955
401
9940
923
410
9960
889
418
9980
863
427
10000
834
444
10020
802
453
10040
781
473
10060
758
494
10080
740
508
10100
721
533
10120
707
555
10140
687
577
10160
674
604
10180
668
619
10200
661
640
10220
626
658
10240
596
680
10260
557
698
10280
519
720
10300
473
737
10320
438
766
10340
405
786
10360
365
816
10380
330
837
10400
276
860
10420
231
887
10440
183
918
10460
141
952
10480
113
986
10500
