626
83
9520
622
97
9540
617
111
9560
610
127
9580
592
144
9600
584
156
9620
573
174
9640
572
186
9660
583
203
9680
605
223
9700
634
233
9720
665
244
9740
701
260
9760
725
277
9780
765
295
9800
803
304
9820
838
319
9840
876
341
9860
906
361
9880
936
383
9900
968
404
9920
1008
425
9940
1052
448
9960
1083
475
9980
1114
507
10000
1155
531
10020
1198
559
10040
1242
592
10060
1291
623
10080
1336
652
10100
1394
685
10120
1438
716
10140
1502
754
10160
1566
784
10180
1631
824
10200
1704
851
10220
1767
884
10240
1837
913
10260
1919
949
10280
