702
1007
10140
749
970
10160
795
944
10180
839
914
10200
879
893
10220
909
864
10240
942
832
10260
965
806
10280
986
776
10300
1017
752
10320
1043
722
10340
1073
706
10360
1101
680
10380
1135
658
10400
1163
635
10420
1189
611
10440
1207
592
10460
1227
571
10480
1250
545
10500
1260
526
10520
1282
502
10540
1304
483
10560
1312
463
10580
1328
443
10600
1342
419
10620
1351
406
10640
1360
389
10660
1367
371
10680
1375
355
10700
1380
336
10720
1388
324
10740
1398
307
10760
1407
294
10780
1416
277
10800
1419
266
10820
1431
252
10840
1445
242
10860
1472
235
10880
1494
230
10900
1512
224
10920
