1583
375
10140
1537
391
10160
1500
399
10180
1457
382
10200
1418
375
10220
1374
362
10240
1330
348
10260
1287
344
10280
1239
334
10300
1198
327
10320
1156
318
10340
1115
310
10360
1076
301
10380
1035
292
10400
996
285
10420
954
276
10440
916
272
10460
875
266
10480
835
220
10500
802
218
10520
761
212
10540
730
203
10560
692
201
10580
658
191
10600
632
177
10620
615
169
10640
604
157
10660
600
145
10680
598
132
10700
599
117
10720
600
105
10740
601
94
10760
597
82
10780
592
72
10800
591
62
10820
588
60
10840
582
61
10860
