1569
1039
10960
1549
992
10980
1533
947
11000
1520
908
11020
1512
866
11040
1503
833
11060
1493
800
11080
1477
763
11100
1469
732
11120
1451
701
11140
1435
669
11160
1421
642
11180
1401
616
11200
1381
593
11220
1361
569
11240
1356
545
11260
1363
524
11280
1375
503
11300
1395
488
11320
1424
475
11340
1449
458
11360
1466
444
11380
1479
429
11400
1496
411
11420
1515
396
11440
1535
384
11460
1554
374
11480
1576
357
11500
1591
345
11520
1610
336
11540
1635
328
11560
