590
152
12480
588
159
12500
597
180
12520
610
195
12540
629
207
12560
645
216
12580
670
227
12600
694
241
12620
713
250
12640
738
265
12660
768
272
12680
798
293
12700
829
304
12720
853
313
12740
887
325
12760
921
340
12780
952
354
12800
991
366
12820
1024
379
12840
1063
398
12860
1096
412
12880
1137
428
12900
1166
440
12920
1211
459
12940
1253
472
12960
1299
489
12980
1343
508
13000
1382
526
13020
1432
540
13040
1480
552
13060
1527
566
13080
1577
583
13100
1630
596
13120
1678
605
13140
1726
617
13160
1778
622
13180
