524
99
11740
515
118
11760
516
128
11780
516
145
11800
518
156
11820
525
171
11840
539
186
11860
552
202
11880
570
214
11900
591
228
11920
611
249
11940
625
261
11960
654
275
11980
683
288
12000
708
304
12020
732
317
12040
753
332
12060
784
352
12080
814
365
12100
843
380
12120
872
402
12140
895
417
12160
922
440
12180
948
458
12200
982
479
12220
1013
505
12240
1044
521
12260
1075
548
12280
1113
571
12300
1150
600
12320
1192
625
12340
1226
651
12360
1265
673
12380
1319
698
12400
1364
718
12420
1418
744
12440
1470
760
12460
1536
788
12480
1591
810
12500
1651
831
12520
1702
853
12540
1766
880
12560
1828
905
12580
1893
933
12600
