698
145
14780
698
163
14800
696
179
14820
693
192
14840
691
208
14860
684
219
14880
681
236
14900
673
252
14920
669
265
14940
665
282
14960
651
305
14980
646
316
15000
639
330
15020
631
350
15040
623
371
15060
618
388
15080
613
412
15100
606
433
15120
604
461
15140
599
478
15160
599
506
15180
594
527
15200
587
550
15220
579
570
15240
565
604
15260
560
627
15280
550
651
15300
542
678
15320
532
715
15340
513
742
15360
500
775
15380
480
809
15400
461
847
15420
442
884
15440
412
922
15460
394
964
15480
372
1005
15500
350
1053
15520
