489
95
15040
488
107
15060
488
115
15080
492
124
15100
492
132
15120
491
140
15140
493
148
15160
494
154
15180
497
162
15200
501
169
15220
501
179
15240
505
190
15260
507
195
15280
508
200
15300
509
207
15320
507
218
15340
509
227
15360
509
230
15380
515
234
15400
516
247
15420
524
253
15440
532
262
15460
546
272
15480
562
278
15500
582
283
15520
602
271
15540
616
280
15560
624
289
15580
630
297
15600
632
309
15620
632
324
15640
635
333
15660
632
345
15680
633
360
15700
637
376
15720
635
391
15740
638
408
15760
634
418
15780
633
433
15800
635
455
15820
632
464
15840
617
477
15860
618
494
15880
608
507
15900
601
521
15920
602
538
15940
608
552
15960
616
563
15980
613
574
16000
621
587
16020
615
598
16040
630
605
16060
638
616
16080
654
627
16100
664
644
16120
683
657
16140
706
663
16160
733
671
16180
762
676
16200
791
679
16220
819
676
16240
846
672
16260
860
667
16280
875
669
16600
865
669
16620
843
662
16640
816
667
16660
787
659
16680
767
644
16700
754
630
16720
749
608
16740
734
590
16760
727
571
16780
730
548
16800
724
530
16820
715
508
16840
715
494
16860
706
478
16880
699
457
16900
693
442
16920
683
431
16940
674
410
16960
672
395
16980
663
383
17000
655
362
17020
641
347
17040
637
334
17060
636
317
17080
632
311
17100
623
298
17120
616
280
17140
604
267
17160
597
257
17180
593
239
17200
588
228
17220
588
216
17240
592
202
17260
601
192
17280
600
176
17300
603
171
17320
606
156
17340
606
146
17360
607
137
17380
605
122
17400
604
115
17420
599
103
17440
601
91
17460
600
87
17480
595
78
17500
591
68
17520
593
58
17540
