1091
1003
17020
1091
995
17040
1100
954
17060
1111
903
17080
1110
860
17100
1123
822
17120
1118
785
17140
1121
745
17160
1117
706
17180
1108
672
17200
1103
638
17220
1104
610
17240
1103
579
17260
1100
538
17280
1095
520
17300
1101
497
17320
1098
470
17340
1104
444
17360
1101
409
17380
1103
388
17400
1097
373
17420
1088
353
17440
1084
322
17460
1080
312
17480
1078
291
17500
1087
246
17520
1080
226
17540
1078
217
17560
1073
191
17580
1072
177
17600
1071
168
17620
1072
151
17640
1068
141
17660
1072
125
17680
1071
116
17700
1067
103
17720
1060
93
17740
1061
76
17760
1048
66
17780
1022
57
17800
1006
49
17820
991
45
17840
