639
99
17460
637
113
17480
635
126
17500
631
137
17520
628
150
17540
624
162
17560
624
174
17580
633
187
17600
649
198
17620
666
212
17640
686
225
17660
711
236
17680
734
249
17700
760
259
17720
789
273
17740
821
284
17760
855
296
17780
889
310
17800
926
321
17820
963
334
17840
1001
345
17860
1036
366
17880
1075
375
17900
1108
392
17920
1145
412
17940
1177
429
17960
1214
444
17980
1251
464
18000
1297
486
18020
1333
506
18040
1378
525
18060
1426
541
18080
1481
553
18100
1529
565
18120
1584
587
18140
1632
610
18160
1669
629
18180
1714
642
18200
1766
660
18220
