164
1022
16560
196
971
16580
227
927
16600
254
876
16620
294
833
16640
325
787
16660
349
749
16680
376
711
16700
406
673
16720
428
641
16740
452
607
16760
476
573
16780
500
541
16800
528
512
16820
548
486
16840
554
456
16860
567
438
16880
571
401
16900
579
385
16920
577
364
16940
582
344
16960
580
321
16980
584
298
17000
584
285
17020
592
260
17040
595
242
17060
591
225
17080
586
208
17100
577
198
17120
569
180
17140
575
167
17160
581
152
17180
590
134
17200
597
126
17220
606
114
17240
611
97
17260
617
81
17280
623
75
17300
622
63
17320
