215
514
18720
266
514
18740
298
514
18760
334
507
18780
369
499
18800
399
486
18820
415
475
18840
418
476
18860
424
474
18920
437
468
18940
453
458
18960
457
450
18980
471
438
19000
476
425
19020
480
414
19040
489
407
19060
504
402
19080
516
395
19100
529
385
19120
542
374
19140
552
362
19160
556
352
19180
561
346
19200
567
336
19220
570
333
19240
579
325
19260
587
315
19280
581
306
19300
579
293
19320
579
292
19340
579
283
19360
576
276
19380
572
266
19400
571
256
19420
575
252
19440
576
240
19460
569
229
19480
564
216
19500
561
209
19520
546
199
19540
539
188
19560
532
180
19580
521
170
19600
507
159
19620
499
148
19640
492
145
19660
487
132
19680
484
122
19700
484
112
19720
484
104
19740
487
95
19760
487
83
19780
492
74
19800
492
64
19820
492
64
19840
