814
1028
18120
861
1030
18140
888
967
18160
924
933
18180
959
908
18200
995
881
18220
1029
860
18240
1059
838
18260
1094
817
18280
1132
797
18300
1167
778
18320
1207
756
18340
1236
741
18360
1272
722
18380
1304
711
18400
1334
695
18420
1373
691
18440
1406
680
18460
1432
669
18480
1464
655
18500
1500
648
18520
1533
632
18540
1562
631
18560
1604
626
18580
1640
623
18600
1679
619
18620
1714
622
18640
1745
621
18660
1778
618
18680
1786
630
18700
