592
71
18300
592
86
18320
594
100
18340
589
123
18360
592
137
18380
598
153
18400
604
163
18420
607
169
18440
613
185
18460
635
195
18480
645
212
18500
663
220
18520
688
244
18540
708
250
18560
736
259
18580
765
271
18600
795
278
18620
827
287
18640
860
305
18660
889
316
18680
921
333
18700
955
340
18720
990
355
18740
1024
363
18760
1058
383
18780
1096
367
18800
1128
384
18820
1160
401
18840
1194
415
18860
1231
433
18880
1269
450
18900
1313
465
18920
1365
479
18940
1407
484
18960
1460
491
18980
1506
507
19000
1553
513
19020
1602
526
19040
1650
532
19060
1712
542
19080
1751
549
19100
1781
559
19120
1798
584
19140
