1049
154
18700
1049
166
18720
1048
174
18740
1050
189
18760
1052
201
18780
1056
213
18800
1058
228
18820
1061
237
18840
1068
253
18860
1066
274
18880
1067
288
18900
1065
303
18920
1068
320
18940
1063
337
18960
1070
355
18980
1080
369
19000
1094
377
19020
1101
392
19040
1099
402
19060
1098
423
19080
1107
441
19100
1115
459
19120
1131
486
19140
1141
511
19160
1152
532
19180
1160
557
19200
1164
583
19220
1172
613
19240
1181
635
19260
1192
666
19280
1203
693
19300
1219
723
19320
1234
755
19340
1252
784
19360
1270
820
19380
1294
859
19400
1319
891
19420
1338
932
19440
1363
970
19460
1376
1015
19480
1392
1055
19500
1401
1072
19520
