559
152
19740
555
163
19760
554
178
19780
547
195
19800
545
207
19820
545
219
19840
543
236
19860
538
251
19880
535
268
19900
518
281
19920
502
289
19940
494
294
19960
485
297
19980
476
301
20000
475
297
20020
475
297
20040
475
297
20060
475
297
20540
473
293
20560
459
295
20580
447
290
20600
441
293
20620
445
293
20640
437
296
20940
425
300
20980
422
297
21000
420
297
21020
421
302
21040
425
292
21060
424
295
21080
424
295
21100
424
295
21120
430
296
21160
430
296
21180
418
294
21340
423
296
21360
422
296
21640
412
293
21660
406
292
21680
400
294
21700
397
295
21720
397
295
21740
396
289
22080
372
290
22100
352
296
22120
371
301
23080
392
305
23100
425
310
23120
458
319
23140
485
316
23160
528
325
23180
567
332
23200
605
344
23220
635
353
23240
666
363
23260
700
376
23280
741
384
23300
782
391
23320
821
400
23340
865
406
23360
898
409
23380
937
410
23400
980
410
23420
1016
415
23440
1060
417
23460
1103
414
23480
1146
415
23500
1181
417
23520
1215
411
23540
1244
419
23560
1270
424
23580
1291
434
23600
1301
440
23620
1302
437
23640
1307
438
23660
1309
437
23880
1332
436
23900
1357
427
23920
1385
418
23940
1418
407
23960
1438
397
23980
1454
382
24000
1471
375
24020
1478
364
24040
1494
356
24060
1516
353
24080
1538
343
24100
1564
337
24120
1589
328
24140
1610
320
24160
1611
318
24180
1590
317
24200
1591
317
24220
1591
317
24240
1592
317
24320
1603
317
24340
1627
317
24360
1628
318
24380
