1174
83
19420
1172
87
19440
1178
90
19460
1188
100
19480
1192
112
19500
1196
121
19520
1200
128
19540
1207
136
19560
1210
151
19580
1215
157
19600
1218
167
19620
1222
179
19640
1225
189
19660
1229
202
19680
1230
210
19700
1234
218
19720
1243
231
19740
1248
243
19760
1255
252
19780
1259
264
19800
1263
277
19820
1268
287
19840
1275
298
19860
1278
308
19880
1285
322
19900
1288
336
19920
1296
350
19940
1298
359
19960
1316
383
19980
1319
397
20000
1325
404
20020
1336
424
20040
1341
442
20060
1343
455
20080
1348
471
20100
1354
488
20120
1355
505
20140
1370
521
20160
1376
540
20180
1383
562
20200
1394
586
20220
1398
605
20240
1408
626
20260
1409
649
20280
1417
668
20300
1422
696
20320
1435
718
20340
1450
748
20360
1460
778
20380
1478
807
20400
1490
836
20420
1504
866
20440
1517
893
20460
1534
925
20480
1539
957
20500
1559
989
20520
1575
1027
20540
1591
1071
20560
