734
1002
20160
719
956
20180
704
910
20200
687
868
20220
673
824
20240
665
780
20260
660
740
20280
657
699
20300
653
659
20320
648
623
20340
644
590
20360
644
558
20380
641
529
20400
627
503
20420
620
469
20440
611
440
20460
608
414
20480
605
390
20500
601
369
20520
604
353
20540
602
323
20560
596
304
20580
590
288
20600
585
267
20620
583
243
20640
583
228
20660
583
215
20680
580
196
20700
582
180
20720
582
171
20740
580
151
20760
580
133
20780
582
119
20800
572
105
20820
569
96
20840
564
85
20860
558
75
20880
553
56
20900
553
56
20920
544
51
20940
