531
1054
21320
553
1040
21340
574
993
21360
593
943
21380
608
897
21400
619
858
21420
620
818
21440
620
773
21460
632
733
21480
645
697
21500
663
661
21520
674
626
21540
684
593
21560
697
564
21580
723
545
21600
750
512
21620
782
494
21640
814
467
21660
852
455
21680
883
435
21700
911
412
21720
937
402
21740
963
375
21760
988
371
21780
1017
351
21800
1040
309
21820
1068
298
21840
1094
286
21860
1117
270
21880
1144
258
21900
1166
246
21920
1185
228
21940
1203
220
21960
1219
211
21980
1226
197
22000
1230
181
22020
1227
168
22040
1223
148
22060
1219
134
22080
1220
128
22100
1220
109
22120
1218
99
22140
1212
90
22160
1211
73
22180
1208
69
22200
1199
69
22220
