1225
1021
21200
1187
986
21220
1151
943
21240
1126
908
21260
1101
867
21280
1078
841
21300
1059
799
21320
1036
767
21340
1008
742
21360
987
708
21380
959
688
21400
939
673
21420
935
654
21440
928
651
21460
906
647
21480
906
647
21500
881
646
21520
859
642
21540
858
641
21560
857
642
21580
852
636
21600
853
636
21620
862
638
21640
891
644
21660
933
643
21680
970
635
21700
1013
625
21720
1060
621
21740
1105
615
21760
1148
611
21780
1191
603
21800
1231
598
21820
1272
597
21840
1327
589
21860
1366
580
21880
1420
581
21900
1469
576
21920
1520
569
21940
1570
560
21960
1622
560
21980
1671
557
22000
1722
561
22020
1775
558
22040
1791
571
22060
