1218
98
21160
1223
115
21180
1231
126
21200
1243
138
21220
1254
149
21240
1264
159
21260
1274
171
21280
1279
185
21300
1282
197
21320
1284
211
21340
1287
223
21360
1290
240
21380
1294
252
21400
1298
266
21420
1304
282
21440
1308
298
21460
1316
312
21480
1316
326
21500
1326
345
21520
1338
362
21540
1351
383
21560
1365
403
21580
1369
423
21600
1378
441
21620
1385
463
21640
1397
463
21660
1399
491
21680
1408
504
21700
1423
534
21720
1440
558
21740
1444
579
21760
1464
611
21780
1477
635
21800
1483
659
21820
1481
689
21840
1483
718
21860
1492
747
21880
1506
770
21900
1515
805
21920
1527
841
21940
1539
873
21960
1565
907
21980
1586
949
22000
1599
989
22020
1619
1039
22040
1626
1071
22060
