1370
1045
23860
1356
1035
23880
1301
954
23900
1271
905
23920
1238
871
23940
1212
842
23960
1190
812
23980
1165
777
24000
1146
743
24020
1131
708
24040
1104
676
24060
1080
645
24080
1076
613
24100
1066
583
24120
1047
555
24140
1029
529
24160
992
506
24180
960
488
24200
938
464
24220
914
447
24240
894
423
24260
884
405
24280
863
388
24300
841
366
24320
818
352
24340
791
337
24360
766
320
24380
746
307
24400
725
288
24420
710
279
24440
691
261
24460
679
246
24480
666
235
24500
653
220
24520
644
206
24540
633
193
24560
625
185
24580
627
169
24600
622
161
24620
618
145
24640
616
134
24660
616
122
24680
616
109
24700
621
100
24720
622
92
24740
620
77
24760
621
68
24780
622
64
24800
617
64
24820
597
70
24840
581
77
24860
571
85
24880
566
102
24900
564
109
24920
565
128
24940
554
138
24960
551
154
24980
544
163
25000
539
181
25020
534
197
25040
536
209
25060
535
228
25080
538
241
25100
536
254
25120
524
269
25140
508
288
25160
500
305
25180
480
325
25200
457
338
25220
434
357
25240
428
375
25260
414
394
25280
414
414
25300
398
434
25320
363
452
25340
315
466
25360
269
480
25380
218
490
25400
159
495
25420
108
493
25440
51
494
25460
