509
164
23760
524
185
23780
520
192
23800
521
203
23820
527
225
23840
529
238
23860
530
253
23880
530
267
23900
532
282
23920
528
299
23940
521
314
23960
510
325
23980
501
342
24000
497
362
24020
492
379
24040
486
394
24060
481
411
24080
473
430
24100
466
451
24120
460
470
24140
454
493
24160
446
509
24180
436
533
24200
426
560
24220
413
581
24240
389
588
24260
378
615
24280
367
642
24300
350
671
24320
334
698
24340
320
726
24360
308
754
24380
294
788
24400
275
819
24420
258
858
24440
241
889
24460
226
931
24480
209
969
24500
194
1006
24520
174
1050
24540
