1468
1014
25460
1460
996
25480
1425
968
25500
1392
949
25520
1364
907
25540
1342
860
25560
1317
827
25580
1301
801
25600
1281
762
25620
1265
724
25640
1262
693
25660
1244
657
25680
1222
634
25700
1201
603
25720
1184
580
25740
1170
541
25760
1148
519
25780
1117
500
25800
1084
480
25820
1045
470
25840
1006
447
25860
973
440
25880
934
419
25900
909
394
25920
889
381
25940
858
321
25960
837
307
25980
811
288
26000
785
271
26020
756
260
26040
727
247
26060
705
233
26080
681
221
26100
661
207
26120
644
191
26140
630
175
26160
623
160
26180
629
146
26200
632
132
26220
635
120
26240
634
104
26260
635
94
26280
634
84
26300
636
72
26320
