1634
1027
25080
1584
980
25100
1528
931
25120
1485
886
25140
1434
846
25160
1395
803
25180
1360
764
25200
1329
726
25220
1294
690
25240
1268
656
25260
1242
621
25280
1229
587
25300
1212
561
25320
1193
535
25340
1153
502
25360
1113
475
25380
1080
454
25400
1048
427
25420
1013
406
25440
981
388
25460
951
363
25480
917
354
25500
868
341
25520
828
324
25540
796
307
25560
765
290
25580
741
273
25600
718
257
25620
692
242
25640
667
230
25660
646
215
25680
626
198
25700
603
186
25720
587
172
25740
580
160
25760
578
144
25780
575
131
25800
572
118
25820
569
105
25840
566
90
25860
560
81
25880
561
70
25900
559
59
25920
