1489
190
25720
1522
177
25740
1502
184
25760
1489
193
25780
1469
204
25800
1457
211
25820
1440
221
25840
1420
232
25860
1413
245
25880
1400
255
25900
1386
269
25920
1372
279
25940
1362
293
25960
1350
306
25980
1342
318
26000
1331
335
26020
1320
348
26040
1312
362
26060
1300
380
26080
1294
401
26100
1285
416
26120
1273
435
26140
1263
453
26160
1253
475
26180
1242
496
26200
1235
518
26220
1224
540
26240
1216
561
26260
1208
582
26280
1188
604
26300
1163
620
26320
1145
646
26340
1132
673
26360
1109
700
26380
1080
725
26400
1038
749
26420
997
773
26440
955
801
26460
918
830
26480
879
857
26500
841
888
26520
805
919
26540
763
948
26560
725
985
26580
681
1014
26600
632
1046
26620
