1479
162
25500
1464
172
25520
1437
189
25540
1412
189
25560
1384
192
25580
1358
201
25600
1335
213
25620
1314
217
25640
1295
222
25660
1273
231
25680
1251
239
25700
1227
251
25720
1199
257
25740
1170
259
25760
1140
265
25780
1114
271
25800
1097
280
25820
1090
276
25840
1076
283
25860
1071
289
25880
1073
282
25900
1073
282
25920
1073
283
25940
1073
281
25960
1072
283
25980
1064
264
26080
1050
264
26100
1030
271
26120
1008
279
26140
984
289
26160
960
301
26180
934
317
26200
905
332
26220
883
349
26240
855
367
26260
835
379
26280
808
399
26300
783
415
26320
750
432
26340
715
450
26360
684
467
26380
660
490
26400
645
514
26420
626
542
26440
611
563
26460
588
588
26480
557
619
26500
534
646
26520
513
679
26540
484
712
26560
457
747
26580
429
779
26600
401
811
26620
380
847
26640
362
885
26660
328
928
26680
287
968
26700
252
1008
26720
226
1053
26740
