1503
178
25460
1485
176
25480
1471
189
25500
1460
196
25520
1449
202
25540
1434
207
25560
1422
214
25580
1408
221
25600
1395
229
25620
1387
242
25640
1382
252
25660
1373
261
25680
1368
273
25700
1371
282
25720
1363
296
25740
1361
312
25760
1365
324
25780
1363
341
25800
1365
352
25820
1364
375
25840
1372
385
25860
1373
402
25880
1372
420
25900
1381
439
25920
1384
452
25940
1391
470
25960
1394
494
25980
1403
508
26000
1409
530
26020
1418
554
26040
1426
575
26060
1431
597
26080
1431
620
26100
1440
643
26120
1454
667
26140
1455
699
26160
1463
716
26180
1473
746
26200
1486
778
26220
1496
800
26240
1508
835
26260
1522
860
26280
1527
895
26300
1538
928
26320
1558
960
26340
1565
996
26360
1583
1030
26380
