1498
1018
26280
1457
997
26300
1407
967
26320
1355
939
26340
1297
901
26360
1254
883
26380
1224
847
26400
1198
813
26420
1169
780
26440
1147
751
26460
1137
719
26480
1117
692
26500
1105
659
26520
1091
631
26540
1081
607
26560
1064
583
26580
1048
559
26600
1017
537
26620
988
520
26640
960
501
26660
924
484
26680
893
472
26700
854
466
26720
818
454
26740
779
438
26760
746
427
26780
716
411
26800
682
395
26820
660
385
26840
647
363
26860
638
351
26880
628
335
26900
616
318
26920
605
302
26940
596
284
26960
590
270
26980
583
255
27000
574
244
27020
572
228
27040
566
216
27060
562
202
27080
558
194
27100
559
180
27120
555
171
27140
552
155
27160
542
146
27180
534
139
27200
525
129
27220
534
119
27240
536
108
27260
544
92
27280
547
84
27300
543
77
27320
541
64
27340
545
54
27360
