600
151
26360
604
163
26380
619
179
26400
643
193
26420
672
205
26440
707
218
26460
745
225
26480
777
235
26500
816
249
26520
848
261
26540
885
276
26560
921
290
26580
956
304
26600
989
318
26620
1028
335
26640
1063
353
26660
1110
368
26680
1153
380
26700
1200
403
26720
1249
415
26740
1295
429
26760
1349
445
26780
1402
459
26800
1448
473
26820
1498
492
26840
1548
506
26860
1594
521
26880
1642
530
26900
1693
542
26920
1736
550
26940
1780
557
26960
