1024
1043
26900
981
1044
26920
934
1010
26940
887
979
26960
841
946
26980
797
917
27000
753
887
27020
716
857
27040
690
826
27060
668
794
27080
649
762
27100
633
734
27120
620
704
27140
606
672
27160
591
643
27180
578
615
27200
568
589
27220
561
561
27240
559
537
27260
558
514
27280
556
493
27300
557
470
27320
559
446
27340
561
426
27360
565
404
27380
568
359
27400
569
341
27420
574
319
27440
572
301
27460
569
292
27480
570
274
27500
571
259
27520
569
248
27540
558
232
27560
544
221
27580
536
206
27600
529
193
27620
527
186
27640
530
168
27660
525
153
27680
525
140
27700
517
129
27720
515
118
27740
514
106
27760
508
95
27780
512
83
27800
512
72
27820
517
62
27840
518
54
27860
