87
946
26600
108
934
26620
118
911
26640
130
891
26660
136
872
26680
150
854
26700
155
837
26720
164
819
26740
169
801
26760
185
786
26780
193
769
26800
211
753
26820
220
734
26840
229
715
26860
233
694
26880
235
677
26900
243
661
26920
245
647
26940
261
634
26960
267
622
26980
283
624
27000
283
630
27020
299
620
27040
303
624
27060
318
606
27080
321
549
27100
325
545
27200
324
536
27220
335
530
27240
334
519
27260
340
517
27280
343
517
27500
347
512
27520
346
503
27540
350
500
27560
352
492
27880
347
493
27900
352
491
27920
354
482
27940
366
473
27960
374
468
27980
377
458
28000
382
448
28020
389
440
28040
391
429
28060
394
418
28080
407
413
28100
420
401
28120
433
394
28140
449
385
28160
467
378
28180
472
368
28200
484
368
28220
491
358
28240
502
348
28260
503
346
28280
505
335
28300
507
334
28320
507
330
28700
501
329
28720
493
330
28740
489
328
28760
487
327
28780
472
323
29440
470
326
29460
465
330
29480
457
329
29500
456
328
29520
455
329
30540
450
331
30560
450
331
30580
443
329
30600
436
328
30620
432
324
30640
428
317
30660
425
320
30680
423
316
30720
421
318
30740
416
325
30760
418
327
30780
422
326
30920
423
322
30940
421
315
30960
423
312
30980
423
311
31000
423
311
31020
421
308
31040
414
306
31060
408
304
31080
402
305
31100
395
308
31120
415
282
31780
410
282
31800
395
281
31820
382
281
31840
378
281
31860
385
281
32100
386
277
32120
387
277
32140
392
275
32160
402
275
32180
425
275
32200
446
279
32220
461
286
32240
466
294
32260
467
311
32280
474
324
32300
489
342
32320
501
360
32340
509
381
32360
530
396
32380
550
412
32400
564
436
32420
585
457
32440
597
481
32460
609
505
32480
628
528
32500
643
550
32520
666
580
32540
687
605
32560
716
632
32580
741
660
32600
767
689
32620
799
722
32640
831
747
32660
862
778
32680
904
806
32700
945
838
32720
989
874
32740
1025
903
32760
1070
941
32780
1108
983
32800
1155
1023
32820
1193
1061
32840
