603
167
26340
619
180
26360
636
190
26380
661
194
26400
688
204
26420
723
209
26440
762
215
26460
795
218
26480
826
227
26500
865
233
26520
897
246
26540
933
250
26560
969
257
26580
1007
264
26600
1046
270
26620
1080
279
26640
1116
290
26660
1150
296
26680
1180
312
26700
1209
327
26720
1235
344
26740
1269
359
26760
1303
373
26780
1340
384
26800
1367
402
26820
1388
419
26840
1420
438
26860
1447
454
26880
1476
474
26900
1503
489
26920
1544
510
26940
1583
523
26960
1628
538
26980
1670
547
27000
1711
555
27020
1745
560
27040
1786
565
27060
