1304
74
26300
1311
82
26320
1316
99
26340
1319
111
26360
1323
141
26380
1325
160
26400
1329
169
26420
1336
180
26440
1342
194
26460
1355
208
26480
1364
220
26500
1376
234
26520
1383
250
26540
1387
266
26560
1390
279
26580
1395
298
26600
1400
312
26620
1406
329
26640
1412
347
26660
1422
366
26680
1434
385
26700
1448
408
26720
1467
428
26740
1488
455
26760
1508
471
26780
1536
459
26800
1575
485
26820
1619
504
26840
1672
522
26860
1726
536
26880
