1195
1023
27860
1147
1003
27880
1097
996
27900
1043
975
27920
997
908
27940
952
883
27960
907
853
27980
869
822
28000
836
793
28020
804
762
28040
777
736
28060
750
707
28080
727
681
28100
703
652
28120
686
627
28140
670
596
28160
655
573
28180
645
543
28200
638
522
28220
638
499
28240
643
474
28260
642
447
28280
638
429
28300
629
408
28320
624
391
28340
617
367
28360
611
352
28380
609
333
28400
601
313
28420
590
301
28440
586
287
28460
576
268
28480
576
253
28500
567
244
28520
561
227
28540
551
214
28560
544
204
28580
538
191
28600
532
178
28620
533
165
28640
525
154
28660
523
142
28680
519
132
28700
521
118
28720
522
106
28740
525
96
28760
529
87
28780
533
73
28800
535
66
28820
535
55
28840
