505
150
27380
505
172
27400
509
186
27420
522
182
27440
535
197
27460
550
204
27480
572
215
27500
598
222
27520
625
231
27540
654
240
27560
679
242
27580
701
252
27600
725
261
27620
752
271
27640
781
282
27660
807
287
27680
843
298
27700
872
301
27720
903
308
27740
935
321
27760
965
331
27780
992
342
27800
1023
355
27820
1053
364
27840
1082
375
27860
1112
392
27880
1139
404
27900
1169
418
27920
1198
430
27940
1234
449
27960
1266
458
27980
1294
474
28000
1331
493
28020
1366
507
28040
1404
523
28060
1442
538
28080
1479
552
28100
1516
565
28120
1554
582
28140
1596
601
28160
1640
618
28180
1676
631
28200
1720
648
28220
1766
660
28240
