613
166
26980
620
175
27000
636
190
27020
654
200
27040
676
212
27060
698
224
27080
724
236
27100
753
244
27120
778
257
27140
807
267
27160
838
275
27180
878
291
27200
914
303
27220
945
311
27240
979
323
27260
1019
334
27280
1057
347
27300
1090
361
27320
1128
373
27340
1162
384
27360
1201
390
27380
1247
404
27400
1281
421
27420
1314
439
27440
1351
454
27460
1387
477
27480
1423
493
27500
1471
511
27520
1519
521
27540
1561
533
27560
1620
547
27580
1667
557
27600
1716
566
27620
1766
565
27640
