604
147
28400
604
161
28420
601
177
28440
601
190
28460
605
198
28480
604
217
28500
607
226
28520
613
239
28540
608
256
28560
605
270
28580
597
284
28600
597
299
28620
600
311
28640
606
334
28660
601
345
28680
595
365
28700
595
384
28720
595
404
28740
598
420
28760
598
446
28780
595
471
28800
587
496
28820
574
518
28840
562
539
28860
548
569
28880
532
596
28900
513
621
28920
497
650
28940
473
681
28960
449
710
28980
429
744
29000
413
783
29020
401
817
29040
387
852
29060
374
892
29080
356
934
29100
342
980
29120
329
1020
29140
318
1069
29160
