1682
522
28780
1650
525
28800
1609
525
28820
1574
537
28840
1539
545
28860
1511
562
28880
1472
580
28900
1431
586
28920
1395
605
28940
1355
619
28960
1319
639
28980
1280
656
29000
1243
670
29020
1201
689
29040
1153
703
29060
1118
723
29080
1068
747
29100
1024
771
29120
979
791
29140
933
812
29160
883
828
29180
830
858
29200
786
882
29220
742
908
29240
696
944
29260
644
973
29280
597
1006
29300
540
1040
29320
494
1070
29340
