404
1016
28200
443
1000
28220
521
932
28240
581
897
28260
640
865
28280
703
836
28300
760
804
28320
818
781
28340
872
755
28360
924
723
28380
964
694
28400
1005
660
28420
1045
635
28440
1080
608
28460
1119
576
28480
1150
559
28500
1193
533
28520
1229
513
28540
1264
493
28560
1292
469
28580
1322
450
28600
1355
432
28620
1379
410
28640
1397
390
28660
1420
370
28680
1456
352
28700
1497
344
28720
1534
333
28740
1579
326
28760
1620
319
28780
1422
560
28800
