222
487
28620
268
470
28640
316
457
28660
358
440
28680
405
429
28700
447
420
28720
484
410
28740
510
392
28760
544
379
28780
580
368
28800
611
356
28820
638
341
28840
654
321
28860
668
311
28880
681
294
28900
695
281
28920
720
264
28940
737
251
28960
749
232
28980
761
220
29000
777
212
29020
792
199
29040
802
185
29060
817
174
29080
828
167
29100
836
173
29120
846
175
29140
852
179
29160
860
179
29180
871
182
29200
891
182
29220
914
171
29240
946
168
29260
972
169
29280
