822
174
28900
830
177
28920
829
177
28940
827
177
28960
827
177
28980
829
180
29000
841
206
29020
847
212
29040
849
217
29060
852
220
29080
851
221
29100
852
220
29120
852
220
29140
852
220
29160
847
197
29180
847
197
29200
826
205
29260
830
209
29280
823
209
29300
822
215
29320
838
202
29660
839
201
29680
838
201
29700
850
196
29720
850
193
29740
850
193
29760
867
205
29800
873
211
29820
874
221
29840
877
229
29860
880
234
29880
878
246
29900
881
262
29920
876
274
29940
874
284
29960
875
299
29980
875
313
30000
871
324
30020
869
338
30040
864
354
30060
854
368
30080
848
387
30100
834
397
30120
811
413
30140
789
428
30160
752
439
30180
718
449
30200
684
460
30220
644
471
30240
612
477
30260
572
486
30280
539
495
30300
498
503
30320
455
505
30340
408
508
30360
356
512
30380
317
517
30400
259
520
30420
206
528
30440
162
522
30460
111
516
30480
59
520
30500
13
516
30520
2
515
30540
