597
171
29940
607
183
29960
622
196
29980
637
205
30000
661
215
30020
683
226
30040
707
232
30060
729
244
30080
750
255
30100
785
266
30120
809
280
30140
836
287
30160
867
294
30180
895
306
30200
922
318
30220
952
329
30240
983
338
30260
1017
346
30280
1045
364
30300
1075
380
30320
1106
391
30340
1139
404
30360
1176
418
30380
1210
433
30400
1244
447
30420
1280
459
30440
1315
470
30460
1353
488
30480
1387
500
30500
1430
515
30520
1476
529
30540
1508
547
30560
1555
559
30580
1589
568
30600
1622
582
30620
1670
595
30640
1709
604
30660
1758
621
30680
1789
623
30700
