1154
102
30780
1162
113
30800
1176
131
30840
1178
149
30860
1196
157
30880
1209
171
30900
1225
180
30920
1247
195
30940
1248
212
30960
1256
219
30980
1264
235
31000
1269
252
31020
1273
267
31040
1284
279
31060
1294
297
31080
1304
314
31100
1309
334
31120
1320
353
31140
1322
367
31160
1330
390
31180
1338
409
31200
1343
429
31220
1348
444
31240
1362
469
31260
1375
494
31280
1388
517
31300
1398
541
31320
1408
570
31340
1419
598
31360
1430
627
31380
1442
669
31400
1451
684
31420
1466
718
31440
1481
755
31460
1506
789
31480
1529
822
31500
1543
865
31520
1572
905
31540
1587
943
31560
1606
983
31580
1632
1030
31600
