589
178
31520
588
186
31540
584
199
31560
585
217
31580
578
231
31600
571
241
31620
573
254
31640
575
262
31660
571
272
31680
570
292
31700
564
306
31720
551
321
31740
541
333
31760
542
353
31780
546
367
31800
549
381
31820
535
401
31840
534
417
31860
522
437
31880
518
459
31900
502
477
31920
491
494
31940
479
525
31960
464
545
31980
448
570
32000
431
595
32020
427
624
32040
415
644
32060
407
674
32080
386
699
32100
377
725
32120
373
755
32140
361
784
32160
351
821
32180
338
852
32200
322
886
32220
290
917
32240
259
955
32260
229
992
32280
196
1033
32300
171
1071
32320
