361
1041
31600
388
1038
31620
416
993
31640
446
952
31660
470
913
31680
494
871
31700
519
837
31720
528
801
31740
535
765
31760
536
730
31780
542
701
31800
554
671
31820
557
637
31840
572
611
31860
578
580
31880
583
552
31900
591
529
31920
603
502
31940
618
480
31960
633
455
31980
648
434
32000
660
416
32020
667
392
32040
673
372
32060
680
354
32080
675
299
32100
693
289
32120
707
276
32140
718
255
32160
717
243
32180
719
226
32200
725
212
32220
729
202
32240
738
174
32260
743
159
32280
743
142
32300
750
127
32320
753
117
32340
753
108
32360
755
85
32400
768
68
32420
778
57
32440
799
44
32460
814
36
32480
843
39
32500
846
42
32520
891
37
32580
