1168
105
31900
1171
121
31920
1177
133
31940
1180
148
31960
1184
160
31980
1190
171
32000
1195
183
32020
1198
193
32040
1199
206
32060
1203
220
32080
1205
227
32100
1210
243
32120
1213
256
32140
1216
276
32160
1223
284
32180
1227
300
32200
1231
314
32220
1235
336
32240
1240
351
32260
1247
368
32280
1253
380
32300
1256
403
32320
1263
422
32340
1271
443
32360
1280
461
32380
1302
459
32400
1309
489
32420
1318
507
32440
1319
533
32460
1327
556
32480
1333
578
32500
1342
608
32520
1350
633
32540
1369
653
32560
1370
681
32580
1389
716
32600
1394
743
32620
1405
773
32640
1418
810
32660
1434
841
32680
1444
874
32700
1450
916
32720
1470
949
32740
1487
991
32760
1513
1029
32780
1541
1068
32800
