592
178
35240
591
209
35260
588
227
35280
585
240
35300
587
260
35320
583
278
35340
575
294
35360
569
315
35380
567
334
35400
556
351
35420
543
373
35440
529
399
35460
518
424
35480
510
446
35500
508
472
35520
505
495
35540
501
521
35560
495
543
35580
480
572
35600
473
603
35620
466
634
35640
456
667
35660
450
697
35680
435
731
35700
422
769
35720
401
777
35740
385
817
35760
364
850
35780
333
891
35800
306
940
35820
270
985
35840
229
1032
35860
190
1077
35880
