1602
1010
37060
1558
1010
37080
1509
983
37100
1457
958
37120
1404
935
37140
1353
913
37160
1299
896
37180
1243
881
37200
1187
868
37220
1132
857
37240
1078
845
37260
1024
834
37280
972
819
37300
923
801
37320
883
779
37340
848
753
37360
822
727
37380
798
699
37400
771
673
37420
748
647
37440
729
620
37460
711
596
37480
692
572
37500
675
552
37520
656
504
37540
640
485
37560
636
464
37580
627
443
37600
622
419
37620
614
400
37640
611
387
37660
601
369
37680
595
350
37700
592
335
37720
589
324
37740
581
311
37760
578
294
37780
569
282
37800
560
254
37840
556
241
37860
552
227
37880
545
215
37900
545
208
37920
541
196
37940
536
183
37960
535
174
37980
536
165
38000
543
153
38020
548
143
38040
558
129
38060
558
117
38080
557
111
38100
554
101
38120
558
93
38140
557
84
38160
557
74
38180
558
64
38200
560
57
38220
562
64
38240
