1054
139
37500
1048
143
37520
1052
153
37540
1054
166
37560
1052
194
37580
1054
207
37600
1057
220
37620
1069
258
37640
1083
286
37660
1091
300
37680
1098
316
37700
1106
334
37720
1120
359
37740
1135
371
37760
1152
393
37780
1170
410
37800
1189
434
37820
1199
445
37840
1209
475
37860
1219
497
37880
1233
519
37900
1244
541
37920
1236
562
37940
1242
587
37960
1258
613
37980
1287
618
38000
1309
650
38020
1331
692
38040
1350
709
38060
1368
750
38080
1377
783
38100
1396
823
38120
1410
862
38140
1427
904
38160
1452
950
38180
1480
994
38200
1504
1041
38220
