559
173
38220
558
181
38240
560
198
38260
566
212
38280
580
227
38300
598
247
38320
620
257
38340
645
274
38360
668
288
38380
692
300
38400
719
318
38420
746
338
38440
773
358
38460
799
370
38480
828
392
38500
863
410
38520
897
432
38540
925
453
38560
955
470
38580
988
499
38600
1014
519
38620
1041
546
38640
1068
580
38660
1089
605
38680
1103
639
38700
1109
675
38720
1120
714
38740
1134
758
38760
1147
794
38780
1167
841
38800
1188
888
38820
1205
937
38840
1208
994
38860
1225
1039
38880
