563
133
38460
563
153
38480
567
163
38500
572
178
38520
585
189
38540
609
202
38560
634
207
38580
665
223
38600
696
231
38620
724
243
38640
755
253
38660
783
269
38680
817
284
38700
849
301
38720
886
314
38740
921
324
38760
960
343
38780
998
362
38800
1030
376
38820
1076
399
38840
1119
416
38860
1171
436
38880
1223
457
38900
1275
473
38920
1335
496
38940
1392
508
38960
1450
522
38980
1513
534
39000
1573
538
39020
1626
543
39040
1679
542
39060
1727
544
39080
1778
547
39100
