480
101
39380
483
120
39400
490
138
39420
490
151
39440
490
158
39460
492
171
39480
494
181
39500
497
195
39520
505
204
39540
515
213
39560
524
226
39580
535
235
39600
550
244
39620
565
257
39640
576
268
39660
589
279
39680
607
291
39700
626
304
39720
640
315
39740
654
329
39760
673
340
39780
695
357
39800
717
366
39820
746
382
39840
775
401
39860
802
395
39880
828
407
39900
858
421
39920
880
429
39940
914
446
39960
947
461
39980
982
475
40000
1019
490
40020
1050
514
40040
1076
528
40060
1099
549
40080
1119
570
40100
1136
592
40120
1154
616
40140
1176
640
40160
1197
668
40180
1216
688
40200
1239
715
40220
1263
742
40240
1280
774
40260
1299
805
40280
1326
833
40300
1357
868
40320
1389
896
40340
1421
926
40360
1459
962
40380
1490
1002
40400
1520
1039
40420
1555
1078
40440
