599
96
39320
601
103
39340
600
116
39360
605
123
39380
603
140
39400
601
148
39420
603
162
39440
607
174
39460
621
186
39480
638
192
39500
660
204
39520
683
207
39540
705
224
39560
730
231
39580
754
244
39600
784
252
39620
810
263
39640
833
279
39660
852
289
39680
878
305
39700
902
314
39720
927
335
39740
948
350
39760
964
364
39780
990
376
39800
1016
396
39820
1044
416
39840
1077
429
39860
1106
447
39880
1146
462
39900
1171
486
39920
1193
503
39940
1220
534
39960
1242
553
39980
1273
581
40000
1292
610
40020
1309
635
40040
1328
660
40060
1352
693
40080
1388
721
40100
1419
746
40120
1455
773
40140
1496
797
40160
1541
830
40180
1592
866
40200
1650
892
40220
1711
916
40240
1778
927
40260
1840
952
40280
1905
970
40300
