284
1036
39160
291
1019
39180
321
1016
39200
348
986
39220
368
947
39240
398
919
39260
420
891
39280
442
867
39300
463
839
39320
480
819
39340
498
789
39360
512
760
39380
528
739
39400
543
719
39420
576
661
39440
585
643
39460
601
631
39480
612
624
39500
620
617
39520
628
606
39540
650
587
39560
681
577
39580
713
572
39600
736
574
39620
765
575
39640
772
577
39660
775
576
39680
770
580
40000
763
570
40020
760
552
40040
758
526
40060
759
506
40080
760
486
40100
755
462
40120
752
448
40140
742
426
40160
734
407
40180
725
392
40200
716
377
40220
700
362
40240
677
352
40260
658
342
40280
635
333
40300
619
325
40320
598
321
40340
589
311
40360
576
307
40380
570
308
40400
558
300
40420
547
300
40440
536
299
40460
528
299
40480
523
301
40500
517
306
40520
515
302
40720
512
303
40740
525
299
40760
518
297
40780
521
293
40800
520
296
40820
511
310
41140
502
298
41160
497
297
41180
485
302
41200
481
300
41220
480
301
41240
472
308
42200
465
301
42220
456
300
42240
448
299
42260
446
300
42280
444
298
42300
444
300
42320
438
307
43140
432
302
43160
422
304
43180
413
306
43200
418
301
43220
408
306
43460
404
309
43480
405
305
43500
393
308
43840
390
303
43860
379
304
43880
369
305
43900
372
303
43920
369
307
45420
369
308
45440
372
317
45460
378
337
45480
394
351
45500
415
356
45520
446
363
45540
479
365
45560
513
367
45580
543
363
45600
571
360
45620
588
367
45640
608
377
45660
633
386
45680
659
394
45700
673
405
45720
697
419
45740
713
426
45760
732
449
45780
746
459
45800
757
470
45820
768
479
45840
771
491
45860
786
494
45880
799
500
45900
815
499
45920
823
506
45940
839
503
45960
874
502
45980
914
484
46000
941
465
46020
975
449
46040
1006
435
46060
1031
417
46080
1058
400
46100
1080
382
46120
1103
362
46140
1124
341
46160
1141
326
46180
1156
308
46200
1174
293
46220
1192
280
46240
1201
262
46260
1207
248
46280
1215
221
46320
1226
209
46340
1230
194
46360
1240
183
46380
1251
173
46400
1260
161
46420
1274
151
46440
1286
140
46460
1295
127
46480
1297
117
46500
1298
109
46520
1295
98
46540
1289
85
46560
1288
78
46580
1286
70
46600
1287
75
46640
