595
126
38940
591
140
38960
581
154
38980
569
167
39000
566
182
39020
584
194
39040
607
207
39060
622
221
39080
642
235
39100
658
250
39120
678
266
39140
698
280
39160
715
299
39180
735
314
39200
757
332
39220
779
344
39240
799
366
39260
815
389
39280
837
406
39300
870
427
39320
900
451
39340
928
468
39360
960
491
39380
992
515
39400
1021
539
39420
1063
557
39440
1110
573
39460
1157
600
39480
1187
625
39500
1188
654
39520
1203
691
39540
1229
722
39560
1251
754
39580
1282
798
39600
1309
838
39620
1337
876
39640
1368
925
39660
1392
972
39680
1423
1017
39700
1457
1073
39720
