534
156
38720
541
174
38740
544
185
38760
557
196
38780
576
207
38800
596
219
38820
616
231
38840
636
239
38860
658
251
38880
677
264
38900
696
275
38920
718
284
38940
748
297
38960
781
306
38980
820
315
39000
860
326
39020
901
334
39040
938
351
39060
971
364
39080
1012
377
39100
1057
394
39120
1101
404
39140
1149
420
39160
1196
433
39180
1241
443
39200
1286
459
39220
1338
477
39240
1382
490
39260
1437
505
39280
1488
520
39300
1541
532
39320
1591
543
39340
1645
557
39360
1710
562
39380
1760
569
39400
1795
591
39420
