591
1025
40600
639
991
40620
695
964
40640
738
928
40660
790
900
40680
827
865
40700
868
843
40720
907
814
40740
936
777
40760
970
756
40780
1001
726
40800
1027
698
40820
1056
674
40840
1081
647
40860
1108
628
40880
1120
593
40900
1129
573
40920
1132
551
40940
1136
522
40960
1144
501
40980
1151
479
41000
1165
458
41020
1176
438
41040
1190
414
41060
1210
398
41080
1229
382
41100
1249
368
41120
1271
353
41140
1294
338
41160
1314
325
41180
1332
313
41200
1353
297
41220
1370
285
41240
1392
274
41260
1414
264
41280
1435
253
41300
1455
244
41320
1476
234
41340
1502
230
41360
1512
228
41380
