1604
382
42160
1555
384
42180
1510
381
42200
1458
384
42220
1411
390
42240
1363
393
42260
1309
396
42280
1261
398
42300
1225
396
42320
1172
394
42340
1130
402
42360
1077
405
42380
1032
411
42400
974
415
42420
930
422
42440
876
419
42460
835
423
42480
786
432
42500
754
444
42520
718
456
42540
675
468
42560
631
475
42580
587
482
42600
535
492
42620
489
506
42640
442
518
42660
390
521
42680
341
517
42700
294
520
42720
247
512
42740
191
507
42760
150
504
42780
104
495
42800
54
494
42820
6
488
42840
1
486
42860
