332
973
41920
344
924
41940
358
876
41960
369
829
41980
377
785
42000
385
746
42020
397
708
42040
412
669
42060
427
635
42080
440
605
42100
460
573
42120
480
543
42140
497
517
42160
510
481
42180
518
453
42200
526
427
42220
540
402
42240
547
374
42260
559
352
42280
567
333
42300
574
311
42320
574
293
42340
565
272
42360
549
262
42380
533
261
42400
529
262
43020
517
254
43060
508
252
44120
494
253
44140
487
251
44160
483
253
44180
479
255
44200
469
256
44640
461
252
44660
450
253
45220
440
253
45240
432
250
45260
426
251
45280
420
252
46580
393
252
46600
396
250
48960
411
238
48980
456
240
49000
498
230
49020
521
234
49040
551
243
49060
580
257
49080
599
272
49100
614
301
49120
621
312
49140
623
328
49160
624
357
49180
619
381
49200
615
400
49220
620
426
49240
622
453
49260
625
478
49280
612
507
49300
596
541
49320
582
571
49340
583
602
49360
577
634
49380
588
662
49400
595
704
49420
603
745
49440
611
779
49460
613
828
49480
618
866
49500
617
909
49520
619
953
49540
622
1002
49560
628
1058
49580
619
1077
49600
