1529
358
43500
1486
352
43520
1446
348
43540
1403
344
43560
1367
334
43580
1320
322
43600
1282
322
43620
1245
311
43640
1204
304
43660
1166
299
43680
1132
290
43700
1086
284
43720
1052
275
43740
1018
270
43760
980
261
43780
949
257
43800
913
253
43820
876
248
43840
854
239
43860
813
234
43880
784
230
43900
756
221
43920
729
220
43940
708
211
43960
683
202
43980
662
198
44000
650
195
44020
636
191
44040
617
179
44060
612
171
44080
611
158
44100
599
147
44120
601
139
44140
600
130
44160
597
112
44180
589
107
44200
584
100
44220
579
94
44240
578
79
44260
575
65
44280
575
69
44300
575
65
44320
