1519
379
43500
1478
374
43520
1439
369
43540
1400
367
43560
1351
358
43580
1308
345
43600
1266
331
43620
1232
325
43640
1192
314
43660
1147
314
43680
1108
304
43700
1073
299
43720
1042
288
43740
1002
281
43760
972
276
43780
937
268
43800
905
260
43820
871
255
43840
841
253
43860
806
246
43880
771
246
43900
741
237
43920
716
228
43940
686
218
43960
665
208
43980
648
205
44000
643
197
44020
627
185
44040
619
174
44060
608
170
44080
594
172
44100
584
158
44120
575
144
44140
569
134
44160
564
125
44180
555
112
44200
555
106
44220
554
93
44240
549
80
44260
541
69
44280
540
63
44300
540
56
44320
