588
92
43520
579
111
43540
567
118
43560
570
147
43580
570
163
43600
570
178
43620
574
195
43640
584
211
43660
606
224
43680
637
221
43700
662
238
43720
681
249
43740
707
269
43760
744
278
43780
791
290
43800
829
301
43820
868
316
43840
909
322
43860
953
347
43880
995
359
43900
1039
377
43920
1079
389
43940
1124
408
43960
1168
421
43980
1213
436
44000
1258
454
44020
1301
472
44040
1351
478
44060
1404
475
44080
1460
485
44100
1509
500
44120
1556
518
44140
1602
532
44160
1655
546
44180
1692
548
44200
1729
556
44220
1757
565
44240
1779
574
44260
1784
573
44280
