1588
386
43400
1546
378
43420
1497
387
43440
1452
389
43460
1407
372
43480
1360
367
43500
1311
357
43520
1263
354
43540
1216
340
43560
1169
334
43580
1125
325
43600
1080
312
43620
1035
308
43640
999
294
43660
951
285
43680
923
266
43700
883
262
43720
844
269
43740
812
261
43760
779
253
43780
743
257
43800
712
237
43820
689
224
43840
671
212
43860
645
206
43880
629
177
43900
617
169
43920
606
153
43940
607
146
43960
610
130
43980
620
120
44000
619
102
44020
609
93
44040
594
85
44060
579
73
44080
575
66
44100
567
64
44120
