1709
511
43320
1671
507
43340
1635
499
43360
1610
481
43380
1584
468
43400
1548
453
43420
1531
445
43440
1504
433
43460
1480
428
43480
1446
413
43500
1407
399
43520
1371
396
43540
1335
385
43560
1291
377
43580
1255
364
43600
1217
350
43620
1184
342
43640
1150
332
43660
1112
320
43680
1077
313
43700
1041
304
43720
1003
295
43740
968
290
43760
937
279
43780
903
272
43800
872
262
43820
839
255
43840
803
244
43860
775
235
43880
747
225
43900
720
219
43920
692
205
43940
669
199
43960
651
191
43980
636
181
44000
627
172
44020
623
162
44040
613
149
44060
614
143
44080
607
127
44100
602
117
44120
599
104
44140
597
99
44160
590
89
44180
582
77
44200
572
70
44220
574
66
44240
571
59
44260
568
50
44280
