574
177
44060
568
183
44080
585
196
44100
599
205
44120
625
209
44140
645
229
44160
666
241
44180
681
255
44200
709
262
44220
725
268
44240
747
278
44260
774
292
44280
797
295
44300
817
308
44320
849
321
44340
872
327
44360
905
337
44380
925
353
44400
955
369
44420
988
375
44440
1024
382
44460
1057
399
44480
1081
412
44500
1111
427
44520
1142
443
44540
1175
463
44560
1211
474
44580
1251
483
44600
1286
490
44620
1329
500
44640
1366
512
44660
1411
527
44680
1446
538
44700
1494
553
44720
1534
569
44740
1575
576
44760
1619
590
44780
1661
593
44800
1710
604
44820
1753
606
44840
1787
617
44860
1790
613
44880
