1595
429
43980
1606
448
44000
1612
451
44020
1587
443
51640
1568
450
51660
1535
452
51680
1511
441
51700
1489
442
51720
1453
442
51740
1427
441
51760
1400
443
51780
1370
437
51800
1335
444
51820
1301
443
51840
1274
444
51860
1245
445
51880
1211
445
51900
1183
444
51920
1151
449
51940
1112
448
51960
1075
445
51980
1027
450
52000
978
455
52020
940
460
52040
883
475
52060
841
473
52080
790
469
52100
730
478
52120
675
476
52140
621
483
52160
569
487
52180
509
496
52200
451
496
52220
399
499
52240
341
505
52260
290
508
52280
224
509
52300
175
507
52320
113
503
52340
70
503
52360
18
507
52380
