1587
410
44920
1557
400
44940
1519
400
44960
1480
411
44980
1445
413
45000
1405
421
45020
1361
424
45040
1327
435
45060
1292
446
45080
1261
465
45100
1239
478
45120
1220
502
45140
1200
521
45160
1176
543
45180
1154
567
45200
1131
591
45220
1108
616
45240
1084
639
45260
1059
668
45280
1034
693
45300
1007
725
45320
972
755
45340
937
787
45360
897
810
45380
855
845
45400
812
875
45420
765
905
45440
709
937
45460
661
971
45480
613
1006
45500
560
1050
45520
