1562
415
45200
1527
414
45220
1488
416
45240
1446
420
45260
1409
421
45280
1366
421
45300
1326
428
45320
1280
428
45340
1240
429
45360
1200
437
45380
1153
440
45400
1116
440
45420
1074
447
45440
1030
452
45460
980
457
45480
935
459
45500
888
465
45520
838
468
45540
792
471
45560
747
480
45580
697
486
45600
648
491
45620
602
496
45640
552
503
45660
505
507
45680
453
513
45700
400
521
45720
348
531
45740
293
532
45760
242
534
45780
183
536
45800
129
532
45820
74
528
45840
16
531
45860
