575
138
45320
580
148
45340
584
160
45360
586
172
45380
590
179
45400
599
192
45420
612
199
45440
629
210
45460
639
220
45480
650
234
45500
660
245
45520
669
255
45540
679
273
45560
682
282
45580
689
293
45600
696
312
45620
699
327
45640
705
340
45660
707
357
45680
711
372
45700
705
382
45720
691
397
45740
676
416
45760
670
434
45780
670
451
45800
664
476
45820
658
493
45840
657
518
45860
653
540
45880
649
562
45900
646
583
45920
648
608
45940
638
637
45960
625
660
45980
614
692
46000
602
720
46020
596
755
46040
593
790
46060
591
823
46080
582
855
46100
562
888
46120
541
926
46140
