1540
362
44580
1498
358
44600
1456
348
44620
1415
340
44640
1373
329
44660
1334
323
44680
1296
311
44700
1257
305
44720
1216
296
44740
1176
291
44760
1136
286
44780
1098
280
44800
1063
273
44820
1026
265
44840
988
260
44860
951
253
44880
912
250
44900
874
245
44920
834
240
44940
803
235
44960
769
228
44980
736
221
45000
708
212
45020
677
203
45040
653
193
45060
633
181
45080
621
172
45100
614
159
45120
603
146
45140
594
136
45160
582
126
45180
571
113
45200
560
104
45220
554
94
45240
553
84
45260
552
73
45280
547
61
45300
547
56
45320
