195
1017
47480
217
978
47500
239
931
47520
256
890
47540
275
854
47560
289
818
47580
305
782
47600
316
748
47620
315
714
47640
317
690
47660
320
648
47680
334
633
47700
351
607
47720
374
578
47740
394
551
47760
405
526
47780
421
503
47800
440
479
47820
450
458
47840
462
437
47860
475
420
47880
492
405
47900
500
381
47920
509
363
47940
514
349
47960
521
332
47980
520
320
48000
505
312
48020
497
311
48040
487
302
48060
486
290
48080
474
287
48100
413
277
50520
393
284
52140
431
271
52220
485
269
52260
508
263
52280
533
265
52300
549
265
52320
556
263
52340
566
261
52360
583
270
52380
600
277
52400
621
290
52420
651
297
52440
664
309
52460
677
318
52480
682
321
52500
682
322
52520
690
325
52540
700
338
52560
712
351
52580
724
363
52600
737
383
52620
750
402
52640
765
423
52660
769
436
52680
766
454
52700
770
477
52720
771
498
52740
769
517
52760
766
535
52780
759
557
52800
769
576
52820
774
596
52840
776
595
52860
776
583
52880
770
573
52900
760
567
53040
763
544
53060
784
524
53080
819
510
53100
848
492
53120
875
476
53140
911
462
53160
936
446
53180
962
437
53200
994
427
53220
1016
412
53240
1042
398
53260
1065
380
53280
1084
366
53300
1098
353
53320
1110
341
53340
1126
330
53360
1141
312
53380
1155
297
53400
1168
288
53420
1182
277
53440
1194
260
53460
1218
249
53480
1225
239
53500
1229
227
53520
1244
212
53540
1257
202
53560
1268
192
53580
1272
179
53600
1278
170
53620
1275
156
53640
1278
142
53660
1284
135
53680
1289
124
53700
1291
116
53720
1294
106
53740
1299
92
53760
1296
86
53780
1287
73
53800
1282
68
53820
