1335
95
46800
1344
109
46820
1348
121
46840
1352
131
46860
1359
152
46880
1362
155
46900
1369
175
46920
1373
175
46940
1377
187
46960
1383
209
46980
1384
222
47000
1386
234
47020
1389
245
47040
1390
258
47060
1388
259
47080
1394
283
47100
1393
286
47120
1400
314
47140
1405
329
47160
1411
335
47180
1422
360
47200
1431
365
47220
1453
388
47240
1467
398
47260
1481
428
47280
1501
428
47300
1503
449
47320
1517
467
47340
1519
492
47360
1520
513
47380
1522
535
47400
1526
555
47420
1528
580
47440
1528
606
47460
1534
631
47480
1541
655
47500
1545
684
47520
1542
713
47540
1547
744
47560
1559
777
47580
1571
809
47600
1594
844
47620
1612
884
47640
1632
919
47660
1656
954
47680
