522
107
48240
522
131
48260
525
143
48280
528
156
48300
526
171
48320
529
184
48340
537
203
48360
549
224
48380
557
234
48400
566
249
48420
583
261
48440
573
273
48460
551
280
48480
532
282
48500
518
280
48520
484
284
49480
481
277
49500
478
280
49520
469
281
49540
464
281
49560
455
282
49580
416
283
51600
410
282
51620
410
278
51640
409
279
51660
372
278
52620
375
282
52660
376
281
52680
376
275
52700
388
276
52720
408
265
52740
443
271
52760
479
274
52780
535
262
52800
584
261
52820
629
252
52840
666
242
52860
697
234
52880
718
222
52900
726
214
52920
721
210
52940
722
206
52960
724
206
52980
720
207
53240
715
206
53260
711
208
53280
706
204
53300
690
203
53320
670
197
53340
643
188
53360
630
181
53380
635
169
53400
637
155
53420
637
147
53440
629
133
53460
633
121
53480
623
110
53500
617
100
53520
610
90
53540
607
77
53560
606
66
53580
