191
644
48040
231
666
48060
283
683
48080
333
688
48100
387
694
48120
441
705
48140
493
710
48160
548
718
48180
602
723
48200
658
730
48220
714
729
48240
770
728
48260
830
711
48280
889
706
48300
946
695
48320
1002
698
48340
1055
689
48360
1111
679
48380
1163
673
48400
1215
672
48420
1263
659
48440
1311
655
48460
1364
651
48480
1415
646
48500
1471
640
48520
1515
635
48540
1561
630
48560
1614
626
48580
1664
625
48600
1709
621
48620
1758
628
48640
