1043
1035
47580
1024
1004
47600
995
977
47620
963
954
47640
919
936
47660
870
915
47680
829
890
47700
789
871
47720
742
857
47740
701
841
47760
664
823
47780
635
799
47800
607
777
47820
586
756
47840
559
736
47860
533
714
47880
510
694
47900
492
678
47920
466
662
47940
449
647
47960
418
630
47980
385
620
48000
343
611
48020
309
603
48040
273
592
48060
239
579
48080
207
574
48100
175
565
48120
138
554
48140
104
548
48160
66
542
48180
29
531
48200
