512
110
48920
518
122
48940
520
131
48960
521
146
48980
530
159
49000
532
172
49020
538
184
49040
547
198
49060
559
214
49080
567
228
49100
567
242
49120
563
259
49140
555
274
49160
552
293
49180
551
308
49200
537
331
49220
513
349
49240
490
364
49260
468
387
49280
450
409
49300
430
436
49320
415
461
49340
398
480
49360
379
509
49380
367
534
49400
352
564
49420
336
592
49440
323
625
49460
306
659
49480
288
693
49500
277
721
49520
272
763
49540
257
801
49560
241
845
49580
224
888
49600
208
932
49620
188
977
49640
165
1023
49660
139
1073
49680
