1177
92
49580
1193
103
49600
1207
110
49620
1223
126
49640
1235
135
49660
1249
151
49680
1262
158
49700
1267
173
49720
1271
182
49740
1281
196
49760
1283
210
49780
1279
222
49800
1275
243
49820
1269
251
49840
1262
266
49860
1247
267
49880
1239
271
49900
1222
282
49920
1211
289
49940
1199
292
49960
1193
302
49980
1186
312
50000
1177
333
50020
1168
342
50040
1160
363
50060
1145
380
50080
1141
397
50100
1131
410
50120
1117
433
50140
1108
454
50160
1106
478
50180
1110
496
50200
1110
521
50220
1112
549
50240
1114
569
50260
1112
593
50280
1106
620
50300
1100
639
50320
1095
656
50340
1096
674
50360
1087
692
50380
1068
717
50400
1044
736
50420
1030
764
50440
1005
783
50460
992
811
50480
978
825
50500
957
843
50520
943
857
50540
927
867
50560
928
879
50580
929
877
50600
882
836
51820
857
832
51840
858
831
51860
857
837
51880
864
823
51900
862
814
51920
859
794
51940
835
771
51960
809
747
51980
781
718
52000
756
692
52020
729
664
52040
721
641
52060
721
607
52080
710
585
52100
710
566
52120
721
537
52140
728
514
52160
725
491
52180
720
462
52200
721
444
52220
713
421
52240
699
400
52260
687
381
52280
678
360
52300
671
345
52320
669
324
52340
663
312
52360
652
298
52380
646
283
52400
636
267
52420
617
260
52440
598
243
52460
578
232
52480
554
222
52500
538
207
52520
530
196
52540
520
176
52560
514
172
52580
510
157
52600
496
143
52620
484
134
52640
474
127
52660
469
109
52680
469
99
52700
472
94
52720
475
85
52740
480
77
52760
479
74
52780
482
75
52800
482
77
52820
483
79
52840
482
75
52860
482
78
52880
484
75
52900
454
67
53060
459
64
53280
