1535
1045
48980
1530
1033
49000
1514
984
49020
1502
934
49040
1491
895
49060
1479
856
49080
1462
818
49100
1447
779
49120
1437
739
49140
1427
704
49160
1419
674
49180
1413
642
49200
1409
611
49220
1405
583
49240
1405
553
49260
1403
519
49280
1398
500
49300
1391
476
49320
1386
452
49340
1384
428
49360
1379
407
49380
1375
384
49400
1369
366
49420
1366
347
49440
1363
328
49460
1361
291
49480
1359
274
49500
1356
254
49520
1353
239
49540
1349
226
49560
1342
207
49580
1338
199
49600
1337
180
49620
1333
167
49640
1327
155
49660
1324
143
49680
1324
126
49700
1321
114
49720
1314
105
49740
1312
95
49760
1308
83
49780
1301
76
49800
1291
67
49820
