186
536
49780
229
543
49800
261
550
49820
299
553
49840
329
553
49860
361
557
49880
397
558
49900
426
551
49920
469
548
49940
502
540
49960
527
530
49980
555
521
50000
578
513
50020
597
507
50040
616
500
50060
631
493
50080
648
486
50100
662
479
50120
670
478
50140
680
470
50160
672
460
50180
670
446
50200
662
430
50220
656
416
50240
649
397
50260
637
381
50280
634
368
50300
631
353
50320
628
341
50340
625
337
50360
623
336
50380
622
338
50400
616
336
50420
613
339
50440
611
332
50460
601
325
50480
595
313
50500
584
308
50520
571
303
50540
554
297
50560
546
290
50580
532
287
50600
520
288
50620
516
288
50640
508
287
50660
507
289
50680
508
282
51340
493
280
51460
472
282
51480
467
282
51500
455
278
52080
447
280
52260
435
280
52280
427
276
52300
410
284
52780
402
283
52800
370
275
54300
411
290
55680
433
292
55700
450
286
55720
473
283
55740
483
282
55760
489
278
55780
497
281
56180
508
281
56200
524
280
56220
540
282
56240
551
281
56260
559
278
56280
560
275
57180
570
281
57200
587
281
57220
595
284
57240
605
291
57260
619
296
57280
636
296
57300
646
303
57320
655
303
57340
656
303
57360
668
310
57660
676
316
57680
686
319
57700
700
324
57720
713
330
57740
718
339
57760
721
354
57780
736
364
57800
745
373
57820
764
383
57840
780
400
57860
792
412
57880
804
417
57900
809
429
57920
813
439
57940
817
447
57960
811
453
57980
811
462
58000
807
464
58020
813
460
58040
810
465
58220
806
473
58240
805
480
58260
792
496
58360
788
509
58380
793
520
58400
811
540
58440
778
554
58500
768
545
58540
774
527
58580
771
518
58600
771
518
58620
812
503
58760
826
479
58780
823
458
58800
813
440
58820
798
418
58840
793
405
58860
793
387
58880
786
368
58900
778
347
58920
771
333
58940
770
315
58960
778
300
58980
781
288
59000
785
271
59020
786
254
59040
790
242
59060
796
229
59080
805
221
59100
816
208
59120
821
192
59140
834
183
59160
838
177
59180
839
177
59200
843
184
59220
840
185
59240
840
183
59260
844
189
59280
831
189
59340
817
183
59360
