779
1020
50180
815
1002
50200
855
973
50220
904
949
50240
938
922
50260
974
900
50280
1012
878
50300
1043
853
50320
1065
824
50340
1072
792
50360
1099
766
50380
1106
738
50400
1132
714
50420
1132
688
50440
1158
666
50460
1163
641
50480
1181
615
50500
1195
591
50520
1209
568
50540
1228
543
50560
1236
521
50580
1246
499
50600
1253
482
50620
1262
466
50640
1266
447
50660
1274
429
50680
1284
411
50700
1295
396
50720
1307
377
50740
1315
364
50760
1318
348
50780
1327
330
50800
1335
316
50820
1337
305
50840
1335
290
50860
1333
279
50880
1329
264
50900
1326
247
50920
1330
236
50940
1332
226
50960
1329
215
50980
1327
200
51000
1327
188
51020
1323
175
51040
1317
167
51060
1314
154
51080
1314
147
51100
1318
131
51120
1314
123
51140
1312
110
51160
1312
97
51180
1311
88
51200
1311
86
51220
1309
75
51240
1306
61
51260
