1187
92
49980
1201
96
50000
1210
111
50020
1220
126
50040
1232
136
50060
1244
153
50080
1255
163
50100
1265
178
50120
1275
188
50140
1286
205
50160
1305
219
50180
1322
237
50200
1332
249
50220
1351
266
50240
1371
286
50260
1385
303
50280
1398
321
50300
1409
334
50320
1429
356
50340
1450
376
50360
1472
396
50380
1490
417
50400
1514
441
50420
1532
462
50440
1559
487
50460
1589
506
50480
1630
530
50500
1675
541
50520
1722
550
50540
1751
556
50560
1783
563
50580
