594
90
49720
599
114
49740
603
126
49760
604
138
49780
600
147
49800
596
160
49820
596
176
49840
597
186
49860
608
203
49880
625
213
49900
648
223
49920
674
233
49940
698
241
49960
722
251
49980
750
260
50000
780
271
50020
812
283
50040
842
294
50060
873
304
50080
907
314
50100
940
324
50120
974
337
50140
1004
348
50160
1038
361
50180
1071
376
50200
1105
380
50220
1140
396
50240
1177
406
50260
1218
415
50280
1257
429
50300
1295
447
50320
1336
461
50340
1380
475
50360
1424
490
50380
1466
502
50400
1513
518
50420
1557
534
50440
1604
548
50460
1653
555
50480
1698
564
50500
1741
573
50520
1773
575
50540
1794
566
50560
