566
99
51260
573
114
51280
574
124
51300
572
135
51320
571
148
51340
573
160
51360
578
170
51380
583
182
51400
589
194
51420
600
209
51440
608
228
51460
616
236
51480
628
242
51500
641
251
51520
653
266
51540
668
283
51560
679
292
51580
692
317
51600
703
330
51620
712
344
51640
730
361
51660
750
378
51680
769
393
51700
793
411
51720
819
421
51740
846
434
51760
877
449
51780
909
468
51800
941
477
51820
974
492
51840
1013
515
51860
1036
531
51880
1057
545
51900
1089
574
51920
1107
590
51940
1135
621
51960
1157
646
51980
1171
670
52000
1198
700
52020
1229
725
52040
1251
751
52060
1284
782
52080
1303
812
52100
1329
845
52120
1348
875
52140
1368
911
52160
1387
956
52180
1413
996
52200
1438
1043
52220
1476
1068
52240
