1056
164
51600
1055
183
51620
1036
195
51640
1009
194
51660
993
188
51680
968
187
51700
942
186
51720
914
186
51740
881
190
51760
849
191
51780
817
197
51800
789
200
51820
756
201
51840
721
199
51860
687
197
51880
647
184
51900
628
176
51920
610
165
51940
603
156
51960
599
152
51980
588
147
52000
581
130
52020
584
121
52040
578
110
52060
580
100
52080
585
86
52100
604
78
52120
622
80
52140
637
65
52160
656
49
52180
