1857
861
51360
1828
856
51380
1774
837
51400
1730
809
51420
1691
779
51440
1659
748
51460
1632
715
51480
1640
686
51500
1546
668
51520
1502
645
51540
1464
618
51560
1434
588
51580
1387
564
51600
1348
545
51620
1299
523
51640
1255
500
51660
1219
482
51680
1180
459
51700
1142
441
51720
1108
420
51740
1077
405
51760
1037
389
51780
999
376
51800
964
356
51820
925
341
51840
900
329
51860
863
310
51880
829
297
51900
1866
252
51920
764
274
51940
735
259
51960
709
246
51980
690
236
52000
671
218
52020
655
207
52040
637
192
52060
622
182
52080
605
170
52100
583
148
52120
579
142
52140
575
127
52160
575
112
52180
578
106
52200
579
90
52220
581
80
52240
576
68
52260
568
57
52280
571
44
52300
576
38
52320
