1324
91
52320
1310
99
52340
1315
118
52360
1305
136
52380
1291
141
52400
1268
145
52420
1252
152
52440
1253
164
52460
1237
175
52480
1230
193
52500
1215
216
52520
1208
221
52540
1196
234
52560
1186
246
52580
1179
261
52600
1165
271
52620
1151
282
52640
1124
296
52660
1096
309
52680
1080
322
52700
1056
334
52720
1028
337
52740
1000
355
52760
968
371
52780
949
382
52800
927
398
52820
908
419
52840
879
443
52860
862
448
52880
845
472
52900
810
485
52920
786
503
52940
749
532
52960
736
551
52980
718
576
53000
704
607
53020
677
630
53040
680
657
53060
693
673
53080
694
701
53100
679
731
53120
665
760
53140
643
785
53160
626
824
53180
603
867
53200
571
912
53220
558
936
53240
535
969
53260
512
1005
53280
468
1030
53300
