1573
361
51780
1542
366
51800
1502
356
51820
1462
349
51840
1422
337
51860
1386
327
51880
1346
316
51900
1306
310
51920
1264
302
51940
1227
294
51960
1187
287
51980
1150
280
52000
1112
272
52020
1076
264
52040
1036
260
52060
997
255
52080
960
249
52100
921
243
52120
883
240
52140
844
235
52160
808
229
52180
772
223
52200
736
221
52220
700
214
52240
669
208
52260
632
182
52280
626
165
52300
624
152
52320
612
136
52340
603
123
52360
594
117
52380
584
108
52400
579
100
52420
574
88
52440
564
71
52460
557
62
52480
560
58
52500
561
43
52520
555
31
52540
