1852
854
52440
1785
856
52460
1731
836
52480
1665
823
52500
1599
804
52520
1553
793
52540
1491
780
52560
1437
770
52580
1383
748
52600
1323
728
52620
1277
707
52640
1221
688
52660
1172
673
52680
1110
660
52700
1064
634
52720
1036
634
52740
1005
624
52760
1058
594
52860
1056
561
52880
1044
499
52920
1042
463
52940
1042
452
52960
1042
435
52980
1051
396
53000
1047
370
53020
1045
358
53040
1059
346
53060
1048
318
53080
1055
302
53100
1061
274
53120
1065
260
53140
1068
248
53160
1071
233
53180
1063
216
53200
1065
201
53220
1067
185
53240
1070
171
53260
1066
153
53280
1070
143
53300
1070
129
53320
1070
110
53340
1070
92
53360
1068
78
53380
1040
61
53400
1019
55
53420
1005
52
53440
983
40
53460
960
21
53480
