1875
895
53260
1839
917
53280
1815
919
53300
1780
935
53320
1747
908
53340
1726
889
53360
1710
879
53380
1702
866
53400
1690
846
53420
1678
822
53440
1661
798
53460
1643
781
53480
1620
763
53500
1596
740
53520
1570
714
53540
1550
692
53560
1524
667
53580
1497
642
53600
1465
619
53620
1439
602
53640
1408
579
53660
1388
554
53680
1372
540
53700
1349
524
53720
1331
499
53740
1307
485
53760
1281
463
53780
1254
448
53800
1230
438
53820
1210
422
53840
1187
404
53860
1168
378
53880
1149
366
53900
1133
350
53920
1109
331
53940
1090
314
53960
1065
298
53980
1057
292
54000
1043
283
54020
1026
264
54040
1002
247
54060
990
236
54080
976
223
54100
965
206
54120
953
201
54140
940
190
54160
924
179
54180
917
177
54200
913
179
54220
905
182
54240
910
184
54260
897
177
54360
876
173
54380
858
170
54400
834
166
54420
817
166
54440
