119
978
53900
147
930
53920
170
886
53940
195
845
53960
217
803
53980
238
764
54000
256
725
54020
278
692
54040
295
659
54060
315
628
54080
334
594
54100
343
567
54120
356
538
54140
369
512
54160
385
486
54180
403
463
54200
416
440
54220
433
418
54240
443
396
54260
459
382
54280
467
364
54300
469
351
54320
467
340
54340
425
329
55120
393
332
55780
352
334
56520
362
361
56620
375
376
56640
384
395
56660
391
413
56680
395
433
56700
407
450
56720
422
469
56740
438
491
56760
454
520
56780
469
545
56800
475
572
56820
493
596
56840
515
624
56860
536
652
56880
562
683
56900
593
713
56920
613
753
56940
621
782
56960
644
826
56980
655
862
57000
674
898
57020
699
953
57040
730
999
57060
747
1047
57080
