1866
830
54440
1812
840
54460
1755
824
54480
1699
804
54500
1639
795
54520
1587
791
54540
1533
786
54560
1484
783
54580
1429
770
54600
1383
755
54620
1333
735
54640
1284
719
54660
1227
713
54680
1172
709
54700
1118
703
54720
1058
706
54740
1006
699
54760
953
695
54780
898
685
54800
846
677
54820
795
669
54840
747
655
54860
706
642
54880
669
620
54900
626
607
54920
577
598
54940
532
597
54960
484
587
54980
435
582
55000
385
582
55020
336
581
55040
282
581
55060
241
575
55080
187
567
55100
145
559
55120
98
553
55140
45
545
55160
2
540
55180
