510
130
54800
517
139
54820
524
147
54840
534
160
54860
546
169
54880
553
178
54900
569
196
54920
591
208
54940
612
219
54960
629
229
54980
656
232
55000
673
240
55020
696
254
55040
718
266
55060
742
276
55080
770
285
55100
798
294
55120
824
298
55140
857
311
55160
883
317
55180
915
326
55200
949
337
55220
984
345
55240
1019
361
55260
1049
360
55280
1079
370
55300
1112
377
55320
1152
392
55340
1185
405
55360
1223
415
55380
1258
420
55400
1298
436
55420
1336
456
55440
1373
468
55460
1412
484
55480
1455
497
55500
1499
510
55520
1541
529
55540
1586
540
55560
1631
550
55580
1673
560
55600
1717
567
55620
1759
569
55640
