559
117
54980
558
128
55000
551
142
55020
543
155
55040
539
176
55060
543
185
55080
547
196
55100
548
215
55120
552
233
55140
556
245
55160
556
264
55180
554
277
55200
544
296
55220
539
310
55240
525
328
55260
506
349
55280
492
370
55300
475
392
55320
459
412
55340
442
433
55360
423
456
55380
404
481
55400
383
503
55420
367
540
55440
349
564
55460
339
596
55480
322
620
55500
320
651
55520
301
680
55540
281
720
55560
264
755
55580
232
785
55600
208
829
55620
180
858
55640
154
902
55660
133
944
55680
105
984
55700
83
1034
55720
