1595
394
55520
1568
409
55540
1551
424
55560
1530
447
55580
1505
458
55600
1482
470
55620
1471
498
55640
1437
516
55660
1419
534
55680
1394
555
55700
1372
572
55720
1344
596
55740
1321
613
55760
1294
635
55780
1258
659
55800
1223
677
55820
1181
699
55840
1142
723
55860
1098
739
55880
1045
757
55900
990
776
55920
938
790
55940
881
808
55960
829
829
55980
782
852
56000
731
878
56020
675
909
56040
629
933
56060
571
967
56080
525
1002
56100
481
1042
56120
