1555
336
55340
1528
342
55360
1501
357
55380
1476
369
55400
1445
381
55420
1416
392
55440
1385
405
55460
1346
421
55480
1332
439
55500
1328
458
55520
1312
484
55540
1299
508
55560
1284
532
55580
1268
563
55600
1247
585
55620
1226
615
55640
1202
639
55660
1165
671
55680
1133
699
55700
1102
724
55720
1065
761
55740
1029
794
55760
994
823
55780
955
870
55800
908
897
55820
855
925
55840
799
961
55860
741
1001
55880
676
1037
55900
