570
1021
55500
590
972
55520
615
937
55540
637
897
55560
650
855
55580
660
810
55600
659
775
55620
659
740
55640
666
702
55660
663
676
55680
665
635
55700
676
617
55720
679
582
55740
694
554
55760
716
536
55780
739
516
55800
768
515
55820
776
574
56480
739
563
57120
728
540
57140
708
521
57160
684
491
57180
663
479
57200
636
458
57220
626
435
57240
613
413
57260
593
397
57280
566
377
57300
540
362
57320
522
354
57340
511
346
57360
514
327
57400
501
321
57620
488
326
57640
475
323
57660
469
329
57680
456
326
57700
448
327
58540
424
320
58960
394
325
59700
389
326
59720
354
329
59800
359
336
61680
380
349
61700
408
352
61720
446
352
61740
487
352
61760
523
359
61780
559
352
61800
591
347
61820
623
338
61840
657
340
61860
696
335
61880
731
326
61900
763
338
61920
792
345
61940
807
361
61960
839
374
61980
873
389
62000
909
400
62020
938
417
62040
974
436
62060
1003
449
62080
1025
467
62100
1055
486
62120
1081
503
62140
1110
513
62160
1135
543
62180
1156
565
62200
1171
591
62220
1195
615
62240
1215
648
62260
1236
675
62280
1262
710
62300
1286
741
62320
1311
770
62340
1338
798
62360
1367
827
62380
1397
861
62400
1426
900
62420
1457
936
62440
1484
976
62460
1514
1021
62480
1536
1064
62500
