1604
364
55560
1575
352
55580
1543
341
55600
1518
329
55620
1487
325
55640
1457
316
55660
1432
307
55680
1400
290
55700
1381
282
55720
1355
274
55740
1331
258
55760
1308
255
55780
1288
243
55800
1269
233
55820
1249
224
55840
1222
217
55860
1190
205
55880
1169
205
55900
1140
204
55920
1127
190
55940
1121
173
55960
1117
162
55980
1114
154
56000
1115
147
56020
1117
139
56040
1117
126
56060
1117
125
56080
1113
106
56100
1121
101
56120
1116
92
56140
1115
80
56160
1111
72
56180
1114
67
56200
1099
58
56220
1084
54
56240
1063
56
56260
1031
56
56280
1018
49
56300
