1496
234
55860
1461
231
55880
1436
233
55900
1409
241
55920
1381
252
55940
1358
260
55960
1332
270
55980
1300
277
56000
1268
287
56020
1241
294
56040
1212
302
56060
1177
312
56080
1150
314
56100
1115
327
56120
1077
338
56140
1045
348
56160
1008
362
56180
978
369
56200
946
384
56220
912
398
56240
876
405
56260
841
420
56280
801
432
56300
763
444
56320
719
451
56340
676
460
56360
629
461
56380
597
470
56400
560
482
56420
522
500
56440
475
505
56460
426
512
56480
371
515
56500
323
516
56520
275
519
56540
220
514
56560
168
514
56580
110
517
56600
54
516
56620
3
513
56640
