1164
97
56040
1171
103
56060
1171
116
56080
1181
126
56100
1183
137
56120
1190
150
56140
1195
163
56160
1205
173
56180
1209
182
56200
1198
189
56220
1191
202
56240
1181
221
56260
1179
233
56280
1174
248
56300
1163
262
56320
1155
273
56340
1150
291
56360
1139
301
56380
1134
315
56400
1123
331
56420
1116
346
56440
1109
361
56460
1098
370
56480
1078
389
56500
1054
402
56520
1041
421
56540
1033
440
56560
1034
463
56580
1032
484
56600
1038
507
56620
1050
536
56640
1058
560
56660
1054
584
56680
1038
607
56700
1012
633
56720
972
652
56740
921
661
56760
870
670
56780
816
677
56800
762
680
56820
713
696
56840
680
709
56860
643
728
56880
614
750
56900
568
769
56920
521
776
56940
468
790
56960
412
799
56980
357
814
57000
305
829
57020
260
854
57040
208
877
57060
165
909
57080
115
932
57100
75
970
57120
