1600
401
56360
1577
406
56380
1558
423
56400
1536
440
56420
1513
460
56440
1493
472
56460
1470
484
56480
1461
505
56500
1451
528
56520
1434
544
56540
1414
571
56560
1392
591
56580
1371
613
56600
1342
635
56620
1310
659
56640
1278
675
56660
1239
700
56680
1195
723
56700
1153
737
56720
1108
759
56740
1056
782
56760
1006
808
56780
960
830
56800
925
864
56820
890
894
56840
855
937
56860
816
968
56880
780
1010
56900
739
1044
56920
