1607
331
56760
1574
341
56780
1551
340
56800
1512
348
56820
1480
353
56840
1456
360
56860
1413
363
56880
1387
370
56900
1350
377
56920
1311
386
56940
1276
380
56960
1235
384
56980
1199
389
57000
1155
396
57020
1116
401
57040
1076
405
57060
1040
414
57080
1010
428
57100
984
436
57120
943
447
57140
901
453
57160
863
458
57180
819
473
57200
784
481
57220
742
489
57240
697
495
57260
657
499
57280
609
502
57300
563
509
57320
515
515
57340
468
517
57360
416
518
57380
379
520
57400
331
522
57420
280
521
57440
237
518
57460
187
525
57480
145
521
57500
99
523
57520
54
522
57540
6
512
57560
