1486
212
56380
1449
208
56400
1424
212
56420
1397
215
56440
1363
215
56460
1332
216
56480
1302
219
56500
1274
219
56520
1239
216
56540
1208
218
56560
1176
224
56580
1140
221
56600
1111
223
56620
1074
220
56640
1037
217
56660
1001
218
56680
964
220
56700
929
215
56720
899
218
56740
864
214
56760
831
213
56780
801
212
56800
774
211
56820
737
205
56840
704
205
56860
677
201
56880
639
200
56900
615
191
56920
593
182
56940
578
172
56960
575
158
56980
572
149
57000
567
134
57020
563
123
57040
561
111
57060
561
100
57080
552
91
57100
552
77
57120
550
71
57140
543
63
57160
537
61
57180
