179
618
56740
213
631
56760
248
614
56780
285
594
56800
312
570
56820
337
545
56840
361
516
56860
381
496
56880
399
473
56900
422
447
56920
441
430
56940
459
416
56960
478
403
56980
493
384
57000
500
368
57020
510
372
57040
524
363
57060
534
343
57080
522
312
57100
510
302
57120
488
304
57140
464
314
57160
445
320
57180
433
322
57200
430
318
57220
426
293
57980
423
309
58000
407
304
58020
401
302
58040
396
298
58060
394
299
58360
397
298
58380
397
298
58400
398
296
58420
391
304
59040
379
301
59060
369
303
59080
362
304
59100
368
311
59120
363
317
60560
367
312
60580
360
310
60600
364
309
60640
362
325
60660
361
320
60680
370
317
60700
392
319
60720
423
316
60740
458
309
60760
502
308
60780
542
308
60800
568
313
60820
597
311
60840
622
314
60860
639
313
60880
638
320
60900
646
325
60920
650
342
60940
649
354
60960
650
355
60980
652
350
61000
651
354
61020
652
357
61040
651
351
61060
660
365
61080
688
371
61100
727
385
61120
764
396
61140
812
397
61160
858
403
61180
893
403
61200
908
393
61220
920
372
61240
919
353
61260
919
340
61280
920
312
61300
927
299
61320
934
284
61340
943
262
61360
948
241
61380
953
226
61400
957
215
61420
962
201
61440
964
185
61460
962
177
61480
963
180
61500
967
178
61520
968
180
61540
967
190
61560
972
181
61580
979
177
61600
