1523
358
56900
1494
372
56920
1473
379
56940
1459
393
56960
1443
411
56980
1417
425
57000
1399
440
57020
1376
454
57040
1357
474
57060
1327
490
57080
1308
505
57100
1285
522
57120
1258
542
57140
1230
556
57160
1203
580
57180
1176
607
57200
1148
624
57220
1116
652
57240
1088
675
57260
1049
708
57280
1011
728
57300
975
752
57320
937
774
57340
893
805
57360
850
827
57380
806
856
57400
759
885
57420
711
919
57440
669
951
57460
633
986
57480
591
1008
57500
535
1042
57520
487
1077
57540
