820
1043
57540
876
1007
57560
926
986
57580
980
957
57600
1017
915
57620
1049
884
57640
1081
852
57660
1114
821
57680
1145
785
57700
1183
758
57720
1213
731
57740
1225
701
57760
1243
677
57780
1268
645
57800
1283
618
57820
1277
593
57840
1278
565
57860
1270
537
57880
1281
519
57900
1283
491
57920
1283
471
57940
1283
444
57960
1296
430
57980
1314
412
58000
1321
392
58020
1323
372
58040
1324
356
58060
1325
340
58080
1325
313
58100
1324
305
58120
1331
289
58140
1327
268
58160
1331
257
58180
1330
244
58200
1327
229
58220
1329
212
58240
1330
204
58260
1333
192
58280
1338
172
58300
1339
164
58320
1333
146
58340
1332
140
58360
1333
128
58380
1331
120
58400
1327
109
58420
1330
94
58440
1322
87
58460
1316
73
58480
1313
74
58500
