581
184
57740
593
202
57760
607
219
57780
616
235
57800
642
239
57820
672
249
57840
713
261
57860
747
271
57880
782
277
57900
815
294
57920
851
304
57940
881
318
57960
914
327
57980
953
342
58000
986
353
58020
1021
378
58040
1062
386
58060
1100
400
58080
1135
422
58100
1168
442
58120
1200
461
58140
1232
477
58160
1274
496
58180
1316
515
58200
1361
532
58220
1411
551
58240
1453
567
58260
1502
583
58280
1549
603
58300
1591
619
58320
1629
632
58340
1657
645
58360
1676
651
58380
1712
667
58400
1746
670
58420
