1195
83
57960
1203
103
57980
1208
110
58000
1211
115
58020
1211
128
58040
1214
131
58060
1215
140
58080
1216
158
58100
1224
155
58120
1225
166
58140
1225
175
58160
1226
187
58180
1226
199
58200
1227
208
58220
1224
218
58240
1217
235
58260
1212
249
58280
1205
261
58300
1191
257
58320
1177
279
58340
1162
276
58360
1146
285
58380
1129
298
58400
1113
298
58420
1094
312
58440
1069
311
58460
1039
320
58480
1016
331
58500
980
337
58520
953
344
58540
930
368
58560
902
380
58580
871
394
58600
843
403
58620
811
419
58640
782
432
58660
761
452
58680
736
468
58700
711
489
58720
686
522
58740
661
518
58760
638
540
58780
617
565
58800
595
588
58820
576
612
58840
551
629
58860
539
659
58880
521
689
58900
508
711
58920
494
738
58940
469
780
58960
445
798
58980
423
827
59000
395
864
59020
379
896
59040
353
934
59060
323
974
59080
297
1012
59100
273
1055
59120
