1780
1042
58260
1735
1010
58280
1701
974
58300
1666
936
58320
1634
902
58340
1602
868
58360
1572
836
58380
1546
797
58400
1522
770
58420
1503
741
58440
1485
709
58460
1449
687
58480
1424
665
58500
1397
635
58520
1367
617
58540
1339
592
58560
1304
573
58580
1267
546
58600
1239
536
58620
1211
521
58640
1184
509
58660
1171
486
58680
1150
466
58700
1129
447
58720
1101
431
58740
1077
413
58760
1043
391
58780
1016
379
58800
984
367
58820
951
359
58840
929
344
58860
902
339
58880
876
320
58900
853
304
58920
833
296
58940
814
283
58960
792
266
58980
771
262
59000
745
249
59020
728
241
59040
706
231
59060
680
216
59080
661
210
59100
639
200
59120
623
192
59140
609
184
59160
600
171
59180
602
159
59200
590
147
59220
584
138
59240
573
130
59260
567
116
59280
562
106
59300
561
97
59320
559
91
59340
558
77
59360
555
71
59380
557
61
59400
