1853
989
58840
1807
995
58860
1750
1001
58880
1683
996
58900
1609
990
58920
1538
984
58940
1469
973
58960
1397
957
58980
1332
939
59000
1267
917
59020
1206
898
59040
1148
870
59060
1094
854
59080
1038
828
59100
989
805
59120
936
783
59140
880
772
59160
822
749
59180
768
742
59200
714
727
59220
659
707
59240
615
695
59260
565
679
59280
521
661
59300
474
642
59320
427
635
59340
373
626
59360
320
620
59380
268
612
59400
221
599
59420
168
591
59440
120
580
59460
70
568
59480
16
558
59500
