1177
92
59660
1177
98
59680
1183
115
59700
1187
121
59720
1196
132
59740
1209
139
59760
1214
149
59780
1223
163
59800
1230
173
59820
1239
185
59840
1246
197
59860
1246
211
59880
1263
227
59900
1269
235
59920
1285
252
59940
1302
262
59960
1323
279
59980
1341
289
60000
1357
305
60020
1376
318
60040
1398
336
60060
1415
356
60080
1432
370
60100
1450
388
60120
1461
399
60140
1494
423
60160
1509
440
60180
1531
459
60200
1567
479
60220
1589
493
60240
1647
534
60260
1655
538
60280
1686
551
60300
1747
574
60320
1748
579
60340
1776
568
60360
