1874
838
59600
1819
828
59620
1770
808
59640
1718
799
59660
1678
775
59680
1633
753
59700
1603
732
59720
1574
706
59740
1536
697
59760
1495
666
59780
1463
640
59800
1433
624
59820
1400
606
59840
1360
584
59860
1321
571
59880
1288
550
59900
1257
540
59920
1216
520
59940
1187
505
59960
1160
489
59980
1136
466
60000
1109
449
60020
1081
438
60040
1050
414
60060
1015
403
60080
987
389
60100
959
378
60120
927
364
60140
904
349
60160
868
338
60180
844
327
60200
817
314
60220
795
306
60240
767
292
60260
750
282
60280
729
265
60300
712
257
60320
695
240
60340
683
232
60360
657
217
60380
646
206
60400
633
198
60420
621
186
60440
620
174
60460
615
162
60480
611
153
60500
601
140
60520
602
129
60540
598
119
60560
594
109
60580
590
95
60600
595
86
60620
591
77
60640
587
70
60660
579
64
60680
