1885
950
60320
1843
955
60340
1788
937
60360
1736
921
60380
1688
900
60400
1648
874
60420
1608
851
60440
1564
830
60460
1521
809
60480
1480
788
60500
1439
767
60520
1408
745
60540
1375
723
60560
1344
702
60580
1318
678
60600
1287
657
60620
1262
637
60640
1235
616
60660
1207
598
60680
1180
578
60700
1153
559
60720
1128
541
60740
1101
522
60760
1074
505
60780
1049
488
60800
1017
446
60820
993
432
60840
966
414
60860
941
403
60880
906
386
60900
880
374
60920
858
360
60940
835
344
60960
816
334
60980
807
318
61000
792
305
61020
775
288
61040
753
277
61060
738
265
61080
724
254
61100
703
242
61120
682
226
61140
668
222
61160
653
213
61180
644
200
61200
630
183
61220
628
175
61240
621
162
61260
622
158
61280
622
147
61300
618
131
61320
622
123
61340
622
110
61360
618
102
61380
620
95
61400
619
87
61420
617
75
61440
622
75
61460
