1178
106
59920
1183
122
59940
1194
135
59960
1205
144
59980
1213
157
60000
1209
165
60020
1212
181
60040
1203
195
60060
1193
203
60080
1181
219
60100
1171
237
60120
1161
247
60140
1150
261
60160
1147
270
60180
1134
286
60200
1129
303
60220
1120
316
60240
1105
334
60260
1101
335
60280
1098
361
60300
1090
374
60320
1095
390
60340
1095
407
60360
1088
422
60380
1080
436
60400
1073
452
60420
1073
467
60440
1074
484
60460
1084
503
60480
1090
513
60500
1109
535
60520
1120
551
60540
1122
570
60560
1132
588
60580
1137
608
60600
1138
623
60620
1129
635
60640
1141
636
60660
1125
633
60880
1126
639
60900
1129
651
60920
1125
667
60940
1135
680
60960
1158
708
60980
1176
735
61000
1204
753
61020
1229
767
61040
1235
780
61060
1260
790
61080
1289
802
61100
1315
811
61120
1338
832
61140
1370
856
61160
1410
880
61180
1443
910
61200
1471
934
61220
1511
968
61240
1539
1006
61260
1554
1045
61280
