1209
83
60700
1209
87
60720
1209
100
60740
1203
107
60760
1210
120
60780
1222
131
60800
1228
147
60820
1230
153
60840
1239
169
60860
1249
181
60880
1258
193
60900
1267
205
60920
1276
217
60940
1285
230
60960
1294
249
60980
1305
263
61000
1306
278
61020
1307
297
61040
1316
318
61060
1329
331
61080
1345
346
61100
1366
365
61120
1399
379
61140
1419
400
61160
1445
416
61180
1469
441
61200
1502
458
61220
1522
481
61240
1559
502
61260
1600
517
61280
1644
533
61300
1684
548
61320
1722
557
61340
1768
569
61360
