1882
841
61260
1813
827
61280
1758
806
61300
1706
775
61320
1652
743
61340
1595
720
61360
1543
690
61380
1500
663
61400
1446
642
61420
1399
616
61440
1363
594
61460
1321
573
61480
1279
549
61500
1243
528
61520
1205
506
61540
1173
486
61560
1134
468
61580
1094
451
61600
1058
430
61620
1021
416
61640
984
401
61660
955
391
61680
919
374
61700
889
361
61720
865
352
61740
838
341
61760
808
332
61780
779
315
61800
754
302
61820
725
287
61840
693
270
61860
673
262
61880
653
251
61900
629
236
61920
608
227
61940
595
221
61960
578
208
61980
555
197
62000
547
186
62020
548
175
62040
559
156
62060
563
143
62080
564
134
62100
566
120
62120
567
108
62140
575
96
62160
577
80
62180
578
78
62200
573
71
62220
573
57
62240
