574
139
61740
581
155
61760
587
166
61780
592
173
61800
612
190
61820
645
196
61840
674
194
61860
710
199
61880
743
203
61900
777
207
61920
801
219
61940
825
232
61960
850
236
61980
877
246
62000
895
262
62020
918
272
62040
945
281
62060
971
296
62080
997
308
62100
1024
323
62120
1051
334
62140
1075
350
62160
1103
365
62180
1132
377
62200
1164
392
62220
1193
411
62240
1225
431
62260
1252
442
62280
1280
461
62300
1317
479
62320
1357
494
62340
1444
519
62380
1485
527
62400
1535
537
62420
1570
548
62440
1612
551
62460
1655
555
62480
1685
558
62500
1721
566
62520
1753
563
62540
1782
562
62560
