1600
312
61840
1575
312
61860
1545
316
61880
1518
312
61900
1500
306
61920
1498
306
61940
1506
313
61960
1493
315
61980
1463
326
62000
1438
324
62020
1412
325
62040
1385
327
62060
1352
325
62080
1322
332
62100
1283
331
62120
1245
331
62140
1213
335
62160
1176
338
62180
1136
343
62200
1094
345
62220
1057
347
62240
1029
352
62260
983
363
62280
950
365
62300
908
374
62320
872
384
62340
832
392
62360
788
398
62380
749
406
62400
707
413
62420
667
424
62440
628
437
62460
575
437
62480
532
445
62500
481
451
62520
431
462
62540
389
472
62560
348
479
62580
294
490
62600
254
500
62620
204
504
62640
152
503
62660
95
501
62680
44
499
62700
