771
994
62460
762
963
62480
748
927
62500
731
887
62520
719
851
62540
712
811
62560
709
776
62580
705
736
62600
701
703
62620
693
671
62640
687
641
62660
688
612
62680
694
582
62700
700
556
62720
703
529
62740
703
503
62760
700
479
62780
693
457
62800
692
437
62820
700
413
62840
718
395
62860
733
378
62880
746
362
62900
753
342
62920
752
326
62940
750
312
62960
738
301
62980
733
282
63000
737
270
63020
741
251
63040
746
240
63060
747
227
63080
741
209
63100
740
191
63120
738
178
63140
734
159
63160
743
135
63180
750
100
63200
760
78
63220
778
62
63240
812
39
63260
