428
1016
62940
435
1018
62960
440
975
62980
444
931
63000
456
892
63020
469
852
63040
481
818
63060
492
780
63080
497
748
63100
503
713
63120
511
690
63140
521
655
63160
521
629
63180
520
606
63200
523
577
63220
515
547
63240
524
538
63260
524
504
63280
530
480
63300
532
461
63320
535
442
63340
535
424
63360
535
417
63380
534
398
63400
536
381
63420
542
341
63440
536
330
63460
539
323
63480
526
312
63500
517
305
63520
502
294
63540
477
288
63560
456
287
63580
449
284
63600
452
280
63620
449
280
63640
455
281
63980
462
281
64000
455
282
64300
440
288
64320
433
283
64340
425
283
64360
424
283
64380
425
280
64400
418
290
64820
409
288
64840
413
299
64860
409
296
64880
407
298
64900
401
303
65700
383
303
65720
367
306
65740
360
306
65760
358
308
65780
384
313
68120
400
314
68140
425
316
68160
450
311
68180
472
313
68200
485
320
68220
495
323
68440
501
314
68500
515
314
68520
516
306
68540
531
307
68560
543
301
68580
547
298
68600
548
299
68620
552
296
68980
550
298
69000
546
297
69020
549
296
69040
552
299
69400
550
300
69420
550
299
69440
548
296
69540
559
294
69560
564
291
69580
562
290
69600
565
289
69620
562
292
69640
562
293
69660
557
297
69680
551
297
69700
555
295
69720
549
295
69760
548
298
69780
553
294
69820
551
297
69840
555
296
69900
553
294
69920
556
296
70060
548
297
70100
541
303
70360
539
309
70380
529
320
70400
512
335
70420
499
353
70440
494
369
70460
493
389
70480
491
407
70500
480
430
70520
444
445
70540
404
461
70560
357
480
70580
304
496
70600
248
507
70620
189
514
70640
130
510
70660
74
512
70680
9
511
70700
