1051
139
64100
1055
157
64120
1055
171
64140
1056
183
64160
1063
202
64180
1077
215
64200
1090
226
64220
1099
241
64240
1111
253
64260
1125
268
64280
1142
283
64300
1168
295
64320
1191
311
64340
1218
324
64360
1245
341
64380
1273
357
64400
1300
372
64420
1317
389
64440
1337
405
64460
1358
423
64480
1382
442
64500
1409
461
64520
1441
482
64540
1470
497
64560
1506
514
64580
1553
518
64600
1599
532
64620
1639
546
64640
1682
557
64660
1724
559
64680
1759
560
64700
1789
564
64720
