1520
1037
64080
1502
1045
64100
1487
997
64120
1468
956
64140
1452
909
64160
1447
859
64180
1442
839
64200
1432
806
64220
1404
776
64240
1368
759
64260
1352
723
64280
1335
703
64300
1308
670
64320
1285
629
64340
1268
602
64360
1247
573
64380
1222
538
64400
1195
516
64420
1169
492
64440
1145
471
64460
1111
449
64480
1076
434
64500
1046
412
64520
1018
383
64540
980
374
64560
932
334
64580
895
319
64600
861
305
64620
836
288
64640
807
273
64660
779
260
64680
750
250
64700
728
237
64720
701
224
64740
681
211
64760
655
196
64780
639
186
64800
625
171
64820
614
158
64840
602
140
64860
600
129
64880
596
113
64900
593
101
64920
584
92
64940
584
77
64960
582
64
64980
578
57
65000
