1758
1034
63920
1726
1032
63940
1691
986
63960
1649
945
63980
1612
906
64000
1582
867
64020
1550
833
64040
1517
794
64060
1477
763
64080
1441
692
64100
1403
660
64120
1364
631
64140
1336
603
64160
1306
574
64180
1294
547
64200
1282
517
64220
1271
493
64240
1256
463
64260
1247
442
64280
1242
418
64300
1233
398
64320
1222
376
64340
1212
354
64360
1193
333
64380
1186
314
64400
1171
297
64420
1162
277
64440
1148
262
64460
1140
244
64480
1128
227
64500
1118
213
64520
1120
200
64540
1108
178
64560
1105
167
64580
1106
150
64600
1103
138
64620
1103
124
64640
1101
112
64660
1100
101
64680
1091
81
64700
1085
74
64720
1067
67
64740
1036
57
64760
1017
48
64780
