1674
1017
63840
1611
974
63860
1557
942
63880
1487
905
63900
1431
880
63920
1377
842
63940
1333
806
63960
1285
766
63980
1240
732
64000
1202
703
64020
1166
671
64040
1143
634
64060
1115
602
64080
1089
573
64100
1057
554
64120
1024
532
64140
984
513
64160
947
487
64180
917
471
64200
884
447
64220
844
431
64240
810
416
64260
782
399
64280
760
373
64300
736
360
64320
719
340
64340
698
325
64360
679
305
64380
657
291
64400
635
281
64420
616
262
64440
600
245
64460
585
232
64480
569
218
64500
553
205
64520
534
193
64540
514
183
64560
505
168
64580
499
156
64600
495
141
64620
497
129
64640
494
114
64660
491
103
64680
489
90
64700
488
77
64720
486
62
64740
483
57
64760
