1736
1037
64200
1710
995
64220
1681
965
64240
1654
935
64260
1630
914
64280
1608
885
64300
1589
854
64320
1566
826
64340
1541
798
64360
1528
793
64380
1496
743
64400
1473
717
64420
1457
702
64440
1440
678
64460
1426
657
64480
1401
640
64500
1390
612
64520
1375
594
64540
1361
573
64560
1349
556
64580
1339
535
64600
1330
520
64620
1323
502
64640
1311
486
64660
1306
473
64680
1299
450
64700
1295
429
64720
1289
418
64740
1283
402
64760
1279
388
64780
1273
370
64800
1267
354
64820
1263
347
64840
1264
330
64860
1258
316
64880
1250
303
64900
1248
290
64920
1238
278
64940
1233
263
64960
1230
255
64980
1227
241
65000
1218
229
65020
1215
216
65040
1212
207
65060
1206
196
65080
1202
184
65100
1202
174
65120
1199
165
65140
1194
156
65160
1191
144
65180
1193
137
65200
1189
129
65220
1183
119
65240
1177
112
65260
1176
101
65280
1176
93
65300
1169
86
65320
1171
80
65340
1167
72
65360
