1637
1043
64380
1612
1018
64400
1580
1001
64420
1553
965
64440
1530
924
64460
1495
891
64480
1465
852
64500
1437
828
64520
1403
773
64540
1370
743
64560
1336
721
64580
1309
690
64600
1284
661
64620
1252
638
64640
1219
606
64660
1187
583
64680
1162
557
64700
1135
533
64720
1113
508
64740
1087
485
64760
1065
462
64780
1038
442
64800
1006
424
64820
974
400
64840
951
389
64860
916
370
64880
884
357
64900
857
341
64920
840
326
64940
819
308
64960
793
292
64980
775
279
65000
759
266
65020
739
249
65040
715
235
65060
689
227
65080
670
217
65100
651
203
65120
627
191
65140
614
180
65160
604
164
65180
602
146
65200
600
132
65220
601
120
65240
606
103
65260
615
91
65280
632
80
65300
646
67
65320
