1878
836
64580
1826
833
64600
1784
835
64620
1744
839
64640
1698
844
64660
1651
843
64680
1594
845
64700
1539
846
64720
1494
857
64740
1441
865
64760
1379
868
64780
1324
862
64800
1261
856
64820
1200
854
64840
1136
839
64860
1072
831
64880
1016
818
64900
959
800
64920
907
786
64940
858
768
64960
808
749
64980
769
726
65000
729
704
65020
682
692
65040
626
681
65060
578
671
65080
525
668
65100
471
659
65120
425
655
65140
384
650
65160
338
650
65180
288
643
65200
239
639
65220
189
631
65240
136
621
65260
