1890
893
64820
1844
895
64840
1806
901
64860
1774
888
64880
1721
866
64900
1653
847
64920
1589
830
64940
1515
811
64960
1460
792
64980
1394
777
65000
1330
757
65020
1264
747
65040
1201
738
65060
1138
728
65080
1069
725
65100
1004
720
65120
940
715
65140
878
706
65160
813
699
65180
747
689
65200
682
681
65220
625
667
65240
569
657
65260
506
645
65280
454
634
65300
405
616
65320
354
604
65340
301
597
65360
252
583
65380
200
575
65400
152
563
65420
97
556
65440
46
545
65460
8
540
65480
