1568
374
66220
1522
366
66240
1481
361
66260
1442
355
66280
1395
349
66300
1359
344
66320
1322
336
66340
1278
327
66360
1241
322
66380
1201
310
66400
1157
296
66420
1110
293
66440
1075
287
66460
1033
276
66480
999
269
66500
963
257
66520
927
251
66540
893
239
66560
860
236
66580
826
229
66600
793
221
66620
758
209
66640
729
207
66660
693
201
66680
669
197
66700
640
185
66720
626
174
66740
618
161
66760
618
151
66780
622
136
66800
626
125
66820
620
112
66840
624
102
66860
627
90
66880
632
80
66900
628
69
66920
