697
140
65900
698
159
65920
703
171
65940
700
186
65960
713
207
66000
726
215
66020
741
225
66040
763
239
66060
784
246
66080
808
254
66100
833
270
66120
855
278
66140
879
289
66160
898
307
66180
916
316
66200
937
332
66220
954
342
66240
976
359
66260
996
370
66280
1019
386
66300
1039
405
66320
1065
422
66340
1087
441
66360
1107
460
66380
1137
482
66400
1165
496
66420
1193
511
66440
1224
534
66460
1241
550
66480
1267
579
66500
1292
600
66520
1314
618
66540
1339
641
66560
1363
657
66580
1386
686
66600
1416
711
66620
1435
738
66640
1459
756
66660
1493
773
66680
1525
791
66700
1552
815
66720
1575
845
66740
1597
883
66760
1620
916
66780
1638
951
66800
1660
991
66820
1686
1033
66840
