1846
857
66500
1804
862
66520
1766
855
66540
1720
854
66560
1687
846
66580
1652
849
66600
1609
841
66620
1572
835
66640
1531
831
66660
1513
826
66680
1478
814
66700
1448
803
66720
1401
791
66740
1361
788
66760
1322
769
66780
1281
769
66800
1240
758
66820
1203
753
66840
1155
755
66860
1111
752
66880
1073
743
66900
1031
733
66920
991
725
66940
945
723
66960
895
714
66980
853
710
67000
815
698
67020
771
692
67040
731
682
67060
689
671
67080
652
666
67100
606
654
67120
571
640
67140
542
633
67160
506
623
67180
463
620
67200
436
611
67220
408
605
67240
375
593
67260
340
588
67280
303
584
67300
266
577
67320
227
579
67340
191
578
67360
147
578
67380
113
566
67400
72
561
67420
37
555
67440
4
545
67460
