562
209
66400
589
220
66420
624
231
66440
656
241
66460
684
253
66480
719
262
66500
754
277
66520
797
289
66540
831
299
66560
869
308
66580
908
324
66600
955
335
66620
995
348
66640
1040
355
66660
1081
369
66680
1134
386
66700
1171
392
66720
1213
412
66740
1262
423
66760
1316
437
66780
1361
453
66800
1410
465
66820
1460
476
66840
1501
492
66860
1547
501
66880
1590
525
66900
1636
533
66920
1678
545
66940
1729
544
66960
1770
548
66980
