1874
835
66340
1820
833
66360
1770
830
66380
1727
830
66400
1668
822
66420
1612
811
66440
1554
803
66460
1498
791
66480
1432
786
66500
1379
772
66520
1323
771
66540
1265
763
66560
1203
759
66580
1141
746
66600
1091
740
66620
1032
732
66640
988
725
66660
932
716
66680
873
706
66700
816
703
66720
761
705
66740
706
698
66760
652
694
66780
591
685
66800
539
681
66820
482
670
66840
436
654
66860
392
638
66880
346
618
66900
299
606
66920
255
592
66940
213
578
66960
167
564
66980
112
553
67000
66
542
67020
18
529
67040
