1868
853
66360
1826
851
66380
1775
834
66400
1725
811
66420
1676
772
66440
1645
738
66460
1616
710
66480
1586
677
66500
1568
645
66520
1546
614
66540
1525
584
66560
1505
558
66580
1493
535
66600
1477
511
66620
1462
481
66640
1441
463
66660
1427
443
66680
1412
421
66700
1394
402
66720
1385
385
66740
1373
364
66760
1361
344
66780
1358
327
66800
1363
308
66820
1364
295
66840
1357
271
66860
1340
257
66880
1337
247
66900
1340
226
66920
1350
218
66940
1366
208
66960
1381
192
66980
1388
173
67000
1397
166
67020
1394
155
67040
1387
143
67060
1380
126
67080
1371
116
67100
1364
108
67120
1359
96
67140
1349
83
67160
1342
77
67180
