1835
847
66920
1772
838
66940
1714
823
66960
1645
811
66980
1590
797
67000
1533
775
67020
1482
759
67040
1437
723
67060
1398
698
67080
1354
672
67100
1315
650
67120
1279
624
67140
1240
605
67160
1211
586
67180
1179
562
67200
1147
538
67220
1117
514
67240
1082
490
67260
1058
474
67280
1033
453
67300
1010
439
67320
985
423
67340
952
410
67360
912
394
67380
881
382
67400
843
370
67420
805
355
67440
782
338
67460
755
324
67480
724
310
67500
697
297
67520
674
282
67540
661
271
67560
642
247
67580
635
235
67600
621
222
67620
606
204
67640
594
189
67660
583
177
67680
582
163
67700
582
149
67720
580
135
67740
585
125
67760
590
112
67780
594
99
67800
599
88
67820
594
75
67840
584
63
67860
574
55
67880
