1191
77
67320
1200
84
67340
1205
91
67360
1208
101
67380
1209
109
67400
1207
119
67420
1210
130
67440
1211
138
67460
1208
145
67480
1209
160
67500
1213
177
67520
1217
182
67540
1223
193
67560
1230
204
67580
1235
216
67600
1248
232
67620
1253
244
67640
1264
257
67660
1272
271
67680
1283
285
67700
1285
299
67720
1294
314
67740
1306
327
67760
1325
343
67780
1346
353
67800
1368
370
67820
1392
389
67840
1412
405
67860
1437
418
67880
1460
435
67900
1488
450
67920
1519
464
67940
1546
483
67960
1575
504
67980
1612
521
68000
1652
531
68020
1691
550
68040
1730
557
68060
1758
563
68080
1779
564
68100
