434
1039
67860
450
1000
67880
470
958
67900
489
913
67920
505
874
67940
516
834
67960
531
812
67980
548
777
68000
567
742
68020
580
710
68040
591
679
68060
601
650
68080
611
620
68100
623
593
68120
644
578
68140
672
555
68160
699
533
68180
727
512
68200
752
486
68220
775
467
68240
799
448
68260
821
429
68280
843
413
68300
864
396
68320
888
380
68340
914
350
68360
942
338
68380
962
324
68400
989
308
68420
1017
294
68440
1048
285
68460
1071
270
68480
1100
260
68500
1112
244
68520
1134
238
68540
1156
227
68560
1171
210
68580
1184
200
68600
1203
193
68620
1233
185
68640
1257
178
68660
1271
166
68680
1276
152
68700
1285
143
68720
1290
134
68740
1298
119
68760
1291
110
68780
1285
96
68800
1283
88
68820
1283
79
68840
1277
66
68860
