1198
77
67580
1200
99
67600
1202
110
67620
1203
135
67640
1203
146
67660
1204
156
67680
1204
174
67700
1203
189
67720
1201
194
67740
1200
208
67760
1199
236
67780
1195
251
67800
1191
263
67820
1182
280
67840
1174
302
67860
1164
318
67880
1155
330
67900
1143
350
67920
1135
357
67940
1128
376
67960
1124
396
67980
1121
423
68000
1122
441
68020
1119
474
68040
1114
490
68060
1116
501
68080
1114
534
68100
1105
559
68120
1089
584
68140
1070
614
68160
1045
646
68180
1012
669
68200
972
696
68220
932
721
68240
881
756
68260
841
782
68280
801
815
68300
757
846
68320
715
884
68340
670
926
68360
621
954
68380
579
992
68400
527
1029
68420
473
1058
68440
