548
1029
67940
586
1006
67960
664
970
67980
718
938
68000
764
895
68020
800
864
68040
851
823
68060
890
788
68080
937
755
68100
974
727
68120
1016
693
68140
1055
669
68160
1096
639
68180
1120
606
68200
1137
571
68220
1152
544
68240
1167
513
68260
1178
488
68280
1192
458
68300
1203
434
68320
1214
412
68340
1222
391
68360
1231
362
68380
1241
339
68400
1250
322
68420
1261
303
68440
1268
278
68460
1278
259
68480
1282
246
68500
1285
228
68520
1286
212
68540
1286
196
68560
1286
174
68580
1285
162
68600
1289
150
68620
1290
129
68640
1291
119
68660
1293
107
68680
1289
93
68700
1284
82
68720
1280
68
68740
