487
175
67840
498
187
67860
502
200
67880
506
217
67900
512
229
67920
523
246
67940
535
262
67960
547
277
67980
555
297
68000
553
316
68020
548
337
68040
548
359
68060
552
380
68080
557
401
68100
565
428
68120
569
451
68140
579
474
68160
588
499
68180
593
528
68200
610
557
68220
628
585
68240
654
616
68260
688
634
68280
729
665
68300
764
692
68320
799
717
68340
836
759
68360
880
790
68380
914
823
68400
950
867
68420
997
899
68440
1042
943
68460
1093
978
68480
1146
1030
68500
1195
1072
68520
