1329
91
68900
1335
94
68920
1346
103
68940
1353
117
68960
1360
129
68980
1367
135
69000
1376
145
69020
1388
156
69040
1393
167
69060
1398
180
69080
1403
189
69100
1413
197
69120
1423
215
69140
1423
225
69160
1427
238
69180
1432
251
69200
1447
265
69220
1455
277
69240
1472
297
69260
1476
306
69280
1490
324
69300
1494
339
69320
1500
356
69340
1503
372
69360
1516
383
69380
1524
400
69400
1527
416
69420
1527
434
69440
1540
453
69460
1562
473
69480
1589
489
69500
1611
506
69520
1633
530
69540
1661
546
69560
1708
556
69580
1739
560
69600
1766
567
69620
1787
569
69640
