1189
83
68240
1187
107
68260
1196
106
68280
1198
117
68300
1199
128
68320
1202
139
68340
1202
154
68360
1207
160
68380
1213
165
68400
1219
177
68420
1225
186
68440
1228
199
68460
1232
205
68480
1238
215
68500
1245
232
68520
1252
242
68540
1253
260
68560
1261
263
68580
1264
275
68600
1271
298
68620
1269
305
68640
1272
320
68660
1275
340
68680
1274
355
68700
1276
370
68720
1278
390
68740
1293
402
68760
1301
424
68780
1313
441
68800
1328
463
68820
1337
484
68840
1352
503
68860
1364
514
68880
1365
538
68900
1375
563
68920
1388
587
68940
1399
612
68960
1408
637
68980
1416
652
69000
1431
681
69020
1458
711
69040
1475
741
69060
1501
764
69080
1510
790
69100
1521
813
69120
1533
854
69140
1551
884
69160
1571
918
69180
1596
951
69200
1620
986
69220
1642
1019
69240
1667
1057
69260
