417
1041
68660
435
1021
68680
468
989
68700
503
958
68720
534
930
68740
566
905
68760
601
878
68780
639
852
68800
677
831
68820
718
810
68840
759
794
68860
798
774
68880
834
756
68900
870
737
68920
905
721
68940
938
706
68960
985
684
68980
1021
667
69000
1052
646
69020
1073
623
69040
1087
603
69060
1100
583
69080
1111
563
69100
1121
539
69120
1132
523
69140
1146
503
69160
1149
487
69180
1156
469
69200
1171
449
69220
1181
431
69240
1187
419
69260
1196
399
69280
1203
385
69300
1207
378
69320
1211
360
69340
1215
341
69360
1220
326
69380
1229
313
69400
1240
304
69420
1241
290
69440
1240
274
69460
1242
262
69480
1242
247
69500
1242
236
69540
1249
220
69560
1265
205
69580
1273
193
69600
1280
181
69620
1284
177
69640
1283
169
69660
1287
154
69680
1295
147
69700
1292
140
69720
1287
132
69740
1282
118
69760
1278
108
69780
1269
101
69800
1263
89
69820
1256
80
69860
1264
71
69880
1272
66
69900
