1806
1042
69600
1834
1062
69620
1810
1015
69640
1785
971
69660
1764
927
69680
1730
888
69700
1702
855
69720
1682
816
69740
1669
772
69760
1657
737
69780
1650
704
69800
1643
667
69820
1636
641
69840
1618
607
69860
1597
585
69880
1584
555
69900
1567
527
69920
1539
502
69940
1529
481
69960
1520
454
69980
1503
431
70000
1496
411
70020
1491
388
70040
1494
375
70060
1487
353
70080
1488
335
70100
1478
319
70120
1475
300
70140
1479
282
70160
1486
269
70180
1484
252
70200
1471
238
70220
1451
223
70240
1436
208
70260
1423
196
70280
1408
181
70300
1409
163
70320
1403
152
70340
1386
142
70360
1376
132
70380
1369
118
70400
1351
104
70420
1345
98
70440
1333
89
70460
1328
83
70480
