577
1011
69280
628
991
69300
677
959
69320
723
927
69340
768
899
69360
810
867
69380
844
838
69400
876
807
69420
912
780
69440
950
754
69460
984
730
69480
1016
705
69500
1046
682
69520
1074
661
69540
1094
638
69560
1110
614
69580
1119
596
69600
1148
575
69620
1170
551
69640
1184
528
69660
1206
511
69680
1232
492
69700
1259
476
69720
1279
457
69740
1289
442
69760
1304
421
69780
1307
405
69800
1321
392
69820
1331
373
69840
1337
357
69860
1356
337
69880
1377
326
69900
1394
309
69920
1415
301
69940
1430
287
69960
1440
272
69980
1450
263
70000
1459
246
70020
1473
236
70040
1499
229
70060
