1273
76
70080
1281
73
70100
1276
88
70120
1277
100
70140
1280
108
70160
1289
122
70180
1286
138
70200
1284
146
70220
1280
157
70240
1281
168
70260
1279
177
70280
1270
191
70300
1256
201
70320
1247
203
70340
1230
225
70360
1220
229
70380
1218
246
70400
1210
262
70420
1209
277
70440
1199
291
70460
1196
309
70480
1194
323
70500
1192
338
70520
1183
356
70540
1176
369
70560
1165
391
70580
1161
405
70600
1156
427
70620
1153
453
70640
1148
469
70660
1145
491
70680
1139
517
70700
1128
544
70720
1123
561
70740
1105
584
70760
1084
610
70780
1067
638
70800
1042
662
70820
1008
668
70840
978
681
70860
948
705
70880
912
733
70900
877
753
70920
834
784
70940
801
809
70960
774
849
70980
730
871
71000
697
904
71020
664
946
71040
620
972
71060
581
996
71080
530
1030
71100
