1749
1031
69900
1742
990
69920
1730
971
69940
1708
938
69960
1681
891
69980
1657
866
70000
1644
829
70020
1625
810
70040
1609
775
70060
1595
751
70080
1581
719
70100
1577
684
70120
1568
671
70140
1551
641
70160
1533
616
70180
1520
596
70200
1507
575
70220
1499
554
70240
1497
522
70260
1483
504
70280
1471
491
70300
1444
471
70320
1433
453
70340
1419
433
70360
1402
418
70380
1388
402
70400
1389
386
70420
1387
365
70440
1390
349
70460
1385
338
70480
1381
322
70500
1383
311
70520
1372
296
70540
1367
280
70560
1367
273
70580
1348
256
70600
1348
241
70620
1335
229
70640
1332
217
70660
1333
207
70680
1334
198
70700
1340
185
70720
1336
177
70740
1345
167
70760
1339
159
70780
1327
147
70800
1318
136
70820
1314
131
70840
1304
126
70860
1296
123
70880
1290
107
70900
1277
93
70920
1261
86
70940
1255
82
70960
1246
75
70980
