605
130
70640
606
149
70660
610
165
70680
619
182
70700
632
194
70720
650
197
70740
661
201
70760
680
222
70780
697
242
70800
714
246
70820
737
258
70840
751
276
70860
773
284
70880
791
302
70900
823
316
70920
848
332
70940
878
339
70960
909
358
70980
943
373
71000
974
391
71020
1005
401
71040
1032
419
71060
1059
435
71080
1079
461
71100
1087
478
71120
1111
505
71140
1125
524
71160
1150
554
71180
1169
578
71200
1189
602
71220
1193
626
71240
1208
661
71260
1221
676
71280
1242
715
71300
1260
752
71320
1279
775
71340
1288
808
71360
1300
845
71380
1324
879
71400
1348
924
71420
1360
965
71440
1398
988
71460
1424
1034
71480
1450
1066
71500
