1467
191
70540
1448
214
70560
1436
227
70580
1424
248
70600
1416
260
70620
1408
279
70640
1399
292
70660
1387
315
70680
1377
333
70700
1367
349
70720
1353
375
70740
1338
392
70760
1338
419
70780
1329
442
70800
1323
465
70820
1316
491
70840
1300
527
70860
1281
554
70880
1267
581
70900
1239
598
70920
1200
617
70940
1178
640
70960
1160
666
70980
1136
700
71000
1103
732
71020
1051
735
71040
1012
761
71060
983
802
71080
944
828
71100
903
865
71120
859
908
71140
820
948
71160
780
993
71180
715
1037
71200
