1196
115
70540
1200
132
70560
1202
130
70580
1207
143
70600
1209
151
70620
1205
165
70640
1203
172
70660
1196
187
70680
1177
196
70700
1163
213
70720
1152
218
70740
1137
231
70760
1124
244
70780
1101
258
70800
1084
275
70820
1066
284
70840
1040
295
70860
1007
307
70880
991
322
70900
966
338
70920
948
352
70940
928
364
70960
902
382
70980
874
396
71000
852
413
71020
823
435
71040
803
455
71060
777
472
71080
759
486
71100
741
513
71120
732
531
71140
714
554
71160
694
575
71180
673
597
71200
640
623
71220
618
643
71240
604
675
71260
576
693
71280
560
726
71300
538
761
71320
508
780
71340
503
818
71360
471
846
71380
467
890
71400
439
938
71420
430
984
71440
400
1010
71460
