471
157
70980
463
173
71000
460
187
71020
452
208
71040
453
202
71060
454
193
71080
451
184
71100
450
189
71120
450
200
71140
454
200
71160
460
200
71180
445
195
71200
456
204
71220
460
213
71240
452
227
71260
439
239
71280
440
256
71300
430
277
71320
441
293
71340
441
322
71360
447
325
71380
451
344
71400
462
370
71420
472
384
71440
468
415
71460
455
434
71480
430
459
71500
397
461
71520
367
483
71540
346
514
71560
325
534
71580
311
562
71600
295
588
71620
271
625
71640
266
660
71660
268
695
71680
263
716
71700
262
749
71720
261
786
71740
248
816
71760
237
865
71780
224
883
71800
216
934
71820
188
983
71840
169
1023
71860
