1190
74
71760
1193
71
71780
1193
99
71800
1192
105
71820
1191
116
71840
1193
128
71860
1191
134
71880
1197
146
71900
1192
159
71920
1188
163
71940
1193
170
71960
1197
190
71980
1179
214
72020
1166
232
72060
1168
237
72100
1155
249
72120
1145
251
72140
1108
274
72160
1102
281
72180
1085
288
72200
1051
303
72220
1050
315
72240
1010
336
72280
995
342
72300
980
353
72320
953
366
72340
933
378
72360
900
393
72380
883
403
72400
862
417
72420
834
427
72440
797
437
72460
781
449
72480
759
466
72500
734
479
72520
713
493
72540
696
508
72560
683
515
72580
692
537
72600
669
558
72620
653
576
72640
643
580
72660
632
601
72680
604
606
72700
600
615
72720
590
622
72740
488
610
72820
460
597
72840
424
590
72860
377
594
72880
335
599
72900
286
599
72920
231
599
72940
181
594
72960
140
593
72980
99
601
73000
