1074
150
71940
1071
152
71960
1068
183
71980
1078
194
72000
1094
198
72020
1100
212
72040
1116
223
72060
1120
237
72080
1125
245
72100
1139
255
72120
1149
274
72140
1157
288
72160
1170
298
72180
1185
306
72200
1188
322
72220
1209
332
72240
1219
355
72260
1226
361
72280
1236
373
72300
1246
391
72320
1260
404
72340
1273
424
72360
1285
430
72380
1302
443
72400
1309
460
72420
1323
482
72440
1341
503
72460
1346
516
72480
1360
541
72500
1364
555
72520
1374
583
72540
1382
594
72560
1392
623
72580
1408
640
72600
1423
663
72620
1442
683
72640
1459
705
72660
1483
731
72680
1501
751
72700
1528
779
72720
1544
807
72740
1570
840
72760
1593
863
72780
1598
890
72800
1616
920
72820
1642
963
72840
1660
986
72860
1685
1019
72880
1718
1053
72900
