547
95
72120
556
116
72140
566
133
72160
565
133
72180
561
140
72200
570
157
72220
569
168
72240
575
176
72260
589
193
72280
605
198
72300
609
213
72320
633
222
72340
645
238
72360
659
257
72380
679
260
72400
693
274
72420
719
292
72440
729
311
72460
749
326
72480
771
338
72500
793
352
72520
816
365
72540
842
385
72560
873
402
72580
892
415
72600
933
437
72620
971
450
72640
1003
465
72660
1035
491
72680
1077
496
72700
1103
518
72720
1114
543
72740
1131
565
72760
1141
589
72780
1153
627
72800
1160
652
72820
1175
673
72840
1194
718
72860
1200
741
72880
1222
783
72900
1234
819
72920
