492
123
72620
490
138
72640
498
151
72660
495
162
72680
511
169
72700
511
174
72720
524
180
72740
536
187
72760
547
205
72780
563
214
72800
594
225
72840
618
237
72860
630
242
72880
644
254
72900
667
267
72920
679
275
72940
697
285
72960
720
302
72980
736
309
73000
767
314
73020
787
321
73040
810
329
73060
840
341
73080
863
346
73100
894
362
73120
925
368
73140
952
378
73160
980
388
73180
1017
407
73200
1033
415
73220
1070
421
73240
1100
432
73260
1126
440
73280
1163
444
73300
1188
458
73320
1222
474
73340
1246
489
73360
1273
499
73380
1320
514
73400
1358
533
73420
1388
538
73440
1423
546
73460
1456
559
73480
1493
569
73500
1529
586
73520
1567
597
73540
1615
602
73560
1641
614
73580
1681
619
73600
1721
634
73620
1755
626
73640
