336
1005
72900
349
973
72920
366
939
72940
384
903
72960
390
869
72980
402
839
73000
407
808
73020
392
772
73040
409
750
73060
416
721
73080
426
696
73100
424
663
73120
444
641
73140
450
619
73160
468
595
73180
471
576
73200
467
552
73220
477
530
73240
469
510
73260
470
494
73280
480
466
73300
471
448
73320
471
429
73340
475
412
73360
477
398
73380
476
368
73400
474
360
73420
484
345
73440
487
328
73460
490
314
73480
477
300
73500
487
290
73520
474
271
73540
465
256
73560
455
242
73580
476
241
73600
476
219
73620
466
209
73640
464
193
73660
460
191
73680
467
183
73700
479
169
73720
484
154
73740
484
144
73760
491
133
73780
493
119
73800
499
117
73820
495
105
73840
490
101
73860
505
80
73880
509
82
73900
514
66
73920
522
60
73940
