1710
1012
74680
1681
1000
74700
1659
954
74720
1640
916
74740
1619
889
74760
1596
862
74780
1572
812
74800
1550
771
74820
1549
735
74840
1533
722
74860
1515
692
74880
1504
663
74900
1482
650
74920
1525
643
74940
1479
556
74960
1466
538
74980
1461
510
75000
1456
488
75020
1448
463
75040
1432
437
75060
1430
417
75080
1421
400
75100
1408
377
75120
1394
353
75140
1380
334
75160
1363
316
75180
1357
301
75200
1354
285
75220
1342
263
75240
1338
249
75260
1336
237
75280
1337
222
75300
1336
208
75320
1333
194
75340
1331
182
75360
1326
170
75380
1326
155
75400
1315
139
75420
1302
110
75460
1292
104
75480
1292
93
75500
1288
86
75520
1288
73
75540
