591
172
75040
604
180
75060
620
193
75080
627
204
75100
650
216
75120
661
224
75140
691
243
75160
718
255
75180
738
262
75200
763
270
75220
790
283
75240
825
295
75260
857
301
75280
888
308
75300
929
315
75320
963
329
75340
992
333
75360
1033
346
75380
1071
360
75400
1099
374
75420
1137
383
75440
1171
399
75460
1208
414
75480
1250
430
75500
1290
443
75520
1335
457
75540
1381
467
75560
1427
483
75580
1470
496
75600
1518
506
75620
1559
516
75640
1614
527
75660
1655
536
75680
1699
552
75700
1742
564
75720
1786
569
75740
