1364
1045
74980
1339
995
75000
1273
929
75020
1239
879
75040
1207
827
75060
1189
776
75080
1172
732
75100
1153
685
75120
1125
645
75140
1107
604
75160
1073
569
75180
1030
544
75200
996
511
75220
949
480
75240
914
450
75260
873
434
75280
839
409
75300
809
382
75320
777
360
75340
753
339
75360
723
316
75380
705
298
75400
677
274
75420
659
252
75440
650
234
75460
639
214
75480
631
196
75500
628
180
75520
628
159
75540
633
142
75560
637
123
75580
632
104
75600
628
95
75620
622
78
75640
618
68
75660
