915
212
75860
905
240
75880
907
245
75900
907
263
75920
917
274
75940
910
285
75960
898
296
75980
890
321
76000
879
334
76020
865
346
76040
854
356
76060
835
370
76080
811
374
76100
781
374
76120
740
376
76140
701
369
76160
649
349
76180
610
357
76200
570
363
76220
533
373
76240
502
384
76260
473
390
76280
456
395
76300
471
398
78260
513
373
78680
554
351
78720
594
334
78760
616
326
78780
644
312
78800
668
301
78820
690
291
78840
711
279
78860
737
270
78880
759
264
78900
781
257
78920
801
249
78940
823
233
78960
839
221
78980
871
214
79000
889
207
79020
911
197
79040
930
190
79060
942
178
79080
945
176
79100
948
171
79120
952
175
79140
948
176
79180
948
176
79200
949
182
79220
955
183
79240
964
187
79260
979
182
79280
