1196
96
75520
1206
107
75540
1217
114
75560
1233
123
75580
1243
140
75600
1250
147
75620
1263
156
75640
1276
165
75660
1283
183
75680
1292
188
75700
1298
207
75720
1310
218
75740
1313
224
75760
1326
242
75780
1338
259
75800
1341
269
75820
1347
284
75840
1360
293
75860
1374
313
75880
1392
332
75900
1408
345
75920
1423
364
75940
1437
381
75960
1452
394
75980
1467
411
76000
1483
431
76020
1499
452
76040
1520
472
76060
1548
488
76080
1576
513
76100
1597
530
76120
1626
547
76140
1651
563
76160
1683
594
76180
1702
612
76200
1728
623
76220
1757
631
76240
