166
581
76180
213
592
76200
256
596
76220
293
617
76240
333
635
76260
370
649
76280
413
658
76300
454
670
76320
494
683
76340
534
695
76360
583
707
76380
633
714
76400
684
723
76420
737
730
76440
788
738
76460
839
750
76480
892
751
76500
946
755
76520
986
773
76540
1041
776
76560
1115
734
76580
1163
729
76600
1212
715
76620
1264
706
76640
1313
701
76660
1368
698
76680
1409
692
76700
1462
687
76720
1509
682
76740
1551
670
76760
1583
668
76780
1624
657
76800
1658
649
76820
1694
641
76840
1716
626
76860
1748
624
76880
