275
1002
76180
294
961
76200
310
924
76220
329
887
76240
345
854
76260
358
821
76280
367
783
76300
380
752
76320
394
719
76340
406
688
76360
414
660
76380
425
631
76400
440
606
76420
458
581
76440
475
557
76460
489
535
76480
506
514
76500
522
495
76520
530
475
76540
532
457
76560
529
438
76580
522
415
76600
527
400
76620
529
382
76640
547
370
76660
557
354
76680
571
336
76700
588
324
76720
603
311
76740
622
295
76760
641
282
76780
657
266
76800
673
250
76820
680
239
76840
693
230
76860
706
217
76880
714
197
76900
719
191
76920
717
168
76940
726
163
76960
728
147
76980
730
142
77000
730
125
77020
729
114
77040
736
104
77060
735
90
77080
736
77
77100
744
71
77120
756
65
77140
768
64
77160
788
60
77180
798
53
77200
813
50
77220
