631
181
77500
653
196
77520
675
213
77540
691
220
77560
721
238
77580
745
253
77600
766
270
77620
785
284
77640
811
301
77660
836
318
77680
853
339
77700
880
359
77720
902
379
77740
925
400
77760
954
422
77780
988
449
77800
1025
468
77820
1068
491
77840
1095
514
77860
1118
542
77880
1135
576
77900
1159
600
77920
1170
634
77940
1186
676
77960
1196
709
77980
1206
744
78000
1222
789
78020
1246
831
78040
1280
871
78060
1315
928
78080
1352
974
78100
1394
1016
78120
1445
1063
78140
