156
657
77160
175
688
77180
206
699
77200
242
722
77220
283
742
77240
319
763
77260
362
774
77280
408
776
77300
449
786
77320
497
797
77340
549
802
77360
594
807
77380
642
813
77400
688
825
77420
732
835
77440
784
849
77460
834
862
77480
884
868
77500
936
884
77520
990
894
77540
1039
909
77560
1087
923
77580
1137
942
77600
1190
963
77620
1238
969
77640
1320
965
77660
1374
985
77680
1433
1007
77700
1494
1020
77720
1555
1044
77740
1603
1071
77760
