128
542
76760
174
545
76780
218
549
76800
255
553
76820
290
550
76840
326
534
76860
345
537
76880
372
528
76900
391
522
76920
388
510
76940
387
517
76960
398
516
76980
412
509
77000
421
500
77020
437
497
77040
441
486
77060
444
479
77080
454
473
77100
455
471
77120
456
470
77140
460
467
77160
463
461
77180
470
457
77200
463
453
77220
471
439
77340
462
453
77660
445
455
77880
448
453
77900
451
444
78580
471
452
78860
483
454
78880
488
450
78900
489
457
78920
499
475
78940
512
490
78960
522
503
78980
522
528
79000
531
547
79020
547
564
79040
561
589
79060
574
614
79080
579
624
79100
581
648
79120
589
678
79140
605
705
79160
611
721
79180
628
743
79200
644
767
79220
656
789
79240
676
813
79260
678
824
79280
690
831
79300
690
835
79480
698
836
79600
701
831
80000
704
840
80300
722
852
80320
748
864
80340
790
873
80360
820
886
80380
859
899
80400
880
915
80420
901
928
80440
914
945
80460
937
963
80480
952
983
80500
976
1000
80520
984
1008
80540
1024
1024
80560
1027
1042
80580
1063
1060
80600
