1152
107
77980
1146
115
78000
1151
123
78020
1155
135
78040
1154
143
78060
1151
153
78080
1158
170
78100
1167
182
78120
1164
193
78140
1150
206
78160
1138
216
78180
1112
226
78200
1092
237
78220
1077
251
78240
1057
263
78260
1035
273
78280
1012
286
78300
991
300
78320
967
311
78340
946
327
78360
929
341
78380
909
358
78400
885
371
78420
863
384
78440
845
399
78460
824
417
78480
803
433
78500
786
451
78520
761
470
78540
744
493
78560
725
515
78580
712
538
78600
694
560
78620
675
585
78640
660
610
78660
641
630
78680
629
663
78700
613
689
78720
590
722
78740
564
746
78760
534
768
78780
506
807
78800
484
838
78820
465
873
78840
440
906
78860
418
938
78880
396
979
78900
369
1019
78920
332
1056
78940
