922
1053
77680
966
1013
77700
1013
978
77720
1046
937
77740
1078
895
77760
1108
860
77780
1124
820
77800
1152
781
77820
1189
754
77840
1234
732
77860
1288
717
77880
1329
690
77900
1373
675
77920
1402
652
77940
1402
614
77960
1389
591
77980
1368
561
78000
1346
534
78020
1322
508
78040
1300
479
78060
1278
459
78080
1263
437
78100
1250
412
78120
1237
389
78140
1222
368
78160
1212
345
78180
1194
327
78200
1183
311
78220
1170
293
78240
1168
273
78260
1161
254
78280
1163
242
78300
1153
225
78320
1140
210
78340
1126
197
78360
1117
173
78380
1115
156
78400
1113
136
78420
1113
120
78440
1107
103
78460
1098
88
78480
1087
79
78500
1058
76
78520
1025
66
78540
1006
58
78560
993
52
78580
