580
149
78740
589
175
78760
622
181
78780
644
191
78800
684
204
78820
708
214
78840
740
226
78860
770
239
78880
811
251
78900
847
263
78920
887
274
78940
922
283
78960
954
304
78980
990
311
79000
1035
323
79020
1073
339
79040
1114
360
79060
1147
371
79080
1186
392
79100
1217
411
79120
1260
427
79140
1301
448
79160
1342
465
79180
1387
477
79200
1435
499
79220
1482
521
79240
1535
536
79260
1584
543
79280
1628
547
79300
1680
552
79320
1717
551
79340
1750
549
79360
1786
553
79380
