522
186
78720
528
208
78740
540
225
78760
551
240
78780
563
257
78800
579
274
78820
603
288
78840
632
301
78860
656
318
78880
676
336
78900
704
352
78920
737
373
78940
777
384
78960
820
398
78980
860
411
79000
903
428
79020
947
451
79040
993
463
79060
1044
470
79080
1090
482
79100
1136
486
79120
1184
491
79140
1231
502
79160
1281
517
79180
1327
543
79200
1390
528
79220
1444
539
79240
1492
551
79260
1543
559
79280
1591
575
79300
1645
589
79320
1695
604
79340
1743
608
79360
