1224
91
79180
1213
86
79200
1211
100
79220
1216
113
79240
1216
123
79260
1221
130
79280
1222
140
79300
1221
152
79320
1226
156
79340
1223
177
79360
1217
186
79380
1208
199
79400
1202
211
79420
1188
221
79440
1175
233
79460
1161
244
79480
1149
254
79500
1128
269
79520
1110
280
79540
1093
291
79560
1073
300
79580
1053
312
79600
1034
325
79620
1014
341
79640
998
356
79660
975
369
79680
950
381
79700
923
398
79720
898
414
79740
873
431
79760
839
441
79780
818
465
79800
800
481
79820
771
502
79840
755
517
79860
742
539
79880
733
565
79900
715
584
79920
692
611
79940
685
628
79960
665
661
79980
643
682
80000
626
714
80020
597
740
80040
575
764
80060
548
798
80080
528
832
80100
500
866
80120
476
896
80140
455
931
80160
423
972
80180
384
1008
80200
345
1040
80220
