602
147
79740
599
162
79760
596
174
79780
611
184
79800
624
201
79820
647
209
79840
673
223
79860
689
227
79880
703
245
79900
727
263
79920
744
271
79940
757
294
79960
770
311
79980
789
326
80000
813
350
80020
828
364
80040
855
379
80060
885
395
80080
919
406
80100
953
427
80120
984
450
80140
1018
465
80160
1041
492
80180
1080
510
80200
1099
532
80220
1124
562
80240
1145
587
80260
1165
616
80280
1183
652
80300
1209
678
80320
1235
712
80340
1256
753
80360
1280
782
80380
1290
825
80400
1302
876
80420
1318
924
80440
1339
968
80460
1360
1018
80480
1381
1062
80500
