566
157
79500
566
175
79520
583
196
79540
591
207
79560
605
226
79580
623
241
79600
644
259
79620
677
271
79640
714
282
79660
748
289
79680
797
303
79700
830
311
79720
877
321
79740
914
340
79760
957
352
79780
998
365
79800
1046
379
79820
1087
391
79840
1135
416
79860
1170
431
79880
1220
435
79900
1273
449
79920
1319
465
79940
1376
483
79960
1425
496
79980
1482
510
80000
1543
527
80020
1595
537
80040
1652
544
80060
1699
555
80080
1746
553
80100
