566
149
79200
580
160
79220
584
175
79240
589
187
79260
578
205
79280
594
228
79300
603
244
79320
615
261
79340
617
277
79360
638
295
79380
655
313
79400
671
327
79420
694
343
79440
722
366
79460
748
381
79480
776
393
79500
807
402
79520
839
413
79540
875
426
79560
913
439
79580
950
455
79600
995
476
79620
1033
486
79640
1072
509
79660
1102
530
79680
1122
556
79700
1147
583
79720
1161
607
79740
1182
637
79760
1194
669
79780
1220
703
79800
1252
733
79820
1283
770
79840
1313
807
79860
1339
847
79880
1379
886
79900
1424
917
79920
1459
964
79940
1480
1004
79960
1500
1048
79980
