582
176
79160
589
197
79180
603
208
79200
621
231
79220
650
241
79240
685
240
79260
709
250
79280
730
266
79300
757
277
79320
787
295
79340
822
303
79360
854
325
79380
895
323
79400
934
334
79420
972
344
79440
1008
358
79460
1043
372
79480
1074
388
79500
1103
413
79520
1130
423
79540
1148
432
79560
1178
466
79580
1208
494
79600
1266
479
79620
1310
497
79640
1360
508
79660
1410
528
79680
1458
535
79700
1506
550
79720
1555
565
79740
1602
575
79760
1657
584
79780
1707
594
79800
1754
604
79820
