1145
1041
79640
1121
1052
79660
1087
1017
79680
1057
986
79700
1029
953
79720
1000
921
79740
974
891
79760
950
862
79780
921
837
79800
895
813
79820
862
786
79840
830
766
79860
805
741
79880
780
717
79900
765
698
79920
751
670
79940
734
648
79960
726
630
79980
715
605
80000
700
587
80020
683
566
80040
668
545
80060
659
525
80080
650
504
80100
639
485
80120
614
440
80140
605
416
80160
591
399
80180
577
388
80200
570
371
80220
565
355
80240
558
336
80260
553
321
80280
547
306
80300
546
292
80320
543
281
80340
542
267
80360
536
260
80380
532
243
80400
531
222
80420
530
216
80440
526
208
80460
523
196
80480
520
185
80500
516
170
80520
513
164
80540
515
151
80560
516
138
80580
518
128
80600
514
120
80620
512
112
80640
515
102
80660
508
87
80680
516
80
80700
518
73
80720
516
63
80740
522
55
80760
