574
160
79580
587
170
79600
599
190
79620
617
200
79640
647
208
79660
666
216
79680
693
225
79700
718
236
79720
742
248
79740
771
261
79760
794
274
79780
829
283
79800
854
304
79820
886
318
79840
922
323
79860
958
341
79880
991
359
79900
1021
371
79920
1062
388
79940
1093
399
79960
1136
419
79980
1166
435
80000
1204
453
80020
1245
473
80040
1296
491
80060
1331
503
80080
1374
516
80100
1421
530
80120
1466
549
80140
1513
561
80160
1564
577
80180
1619
593
80200
1669
609
80220
1721
603
80240
1773
614
80260
