581
158
79920
591
173
79940
601
186
79960
621
199
79980
645
202
80000
673
212
80020
695
220
80040
723
236
80060
747
244
80080
774
252
80100
802
262
80120
826
269
80140
854
286
80160
886
288
80180
924
301
80200
957
315
80220
989
321
80240
1016
333
80260
1050
346
80280
1077
364
80300
1113
374
80320
1140
392
80340
1174
399
80360
1213
415
80380
1244
428
80400
1279
439
80420
1317
455
80440
1357
476
80460
1403
482
80480
1441
498
80500
1484
513
80520
1523
524
80540
1562
539
80560
1614
544
80580
1653
560
80600
1696
559
80620
1737
560
80640
1764
562
80660
