601
105
80500
592
118
80520
575
129
80540
561
148
80560
548
157
80580
530
165
80600
513
184
80620
499
192
80640
491
210
80660
489
227
80680
480
244
80700
472
259
80720
468
277
80740
449
295
80760
443
311
80780
434
331
80800
425
349
80820
409
370
80840
397
397
80860
371
416
80880
354
432
80900
344
463
80920
330
490
80940
315
508
80960
305
547
80980
295
577
81000
280
602
81020
271
641
81040
250
670
81060
237
709
81080
223
747
81100
211
784
81120
189
819
81140
163
865
81160
146
903
81180
123
953
81200
93
995
81220
