628
1043
81200
662
1018
81220
692
978
81240
718
937
81260
738
898
81280
751
857
81300
755
819
81320
751
781
81340
747
747
81360
743
712
81380
742
681
81400
739
648
81420
735
618
81440
732
589
81460
736
560
81480
739
535
81500
742
507
81520
743
485
81540
741
467
81560
727
455
81580
706
442
81600
678
431
81620
647
421
81640
612
409
81660
579
406
81680
545
400
81700
513
391
81720
487
383
81740
459
376
81760
438
365
81780
417
358
81800
402
343
81820
400
331
81840
392
328
81860
391
319
81880
389
317
82220
370
310
82240
365
300
82260
369
300
83860
375
298
83880
374
298
83900
385
295
83920
415
285
83940
443
286
83960
481
282
83980
516
274
84000
553
270
84020
588
266
84040
611
261
84060
625
263
84080
647
264
84100
668
266
84120
685
264
84140
692
256
84160
708
254
84180
727
255
84200
740
261
84220
747
264
84240
737
271
84260
735
286
84280
741
301
84300
745
319
84320
747
338
84340
751
360
84360
751
382
84380
755
404
84400
751
433
84420
757
454
84440
760
481
84460
764
500
84480
772
527
84500
778
545
84520
781
550
84540
793
541
84560
828
503
84900
842
491
84920
852
480
84940
863
472
84960
877
458
84980
890
451
85000
899
439
85020
908
427
85040
924
414
85060
936
401
85080
948
387
85100
957
374
85120
968
362
85140
961
373
85160
949
390
85180
931
408
85200
906
429
85220
874
459
85240
850
480
85260
822
502
85280
805
523
85300
799
533
85320
795
529
85340
812
516
85360
827
491
85380
840
469
85400
857
446
85420
865
417
85440
875
398
85460
887
377
85480
890
351
85500
903
331
85520
911
311
85540
923
292
85560
933
277
85580
945
261
85600
954
244
85620
962
228
85640
965
211
85660
969
201
85680
970
182
85700
975
175
85720
979
173
85740
979
174
85760
979
175
85780
977
180
85800
976
180
85820
973
179
85840
