268
1006
81660
305
946
81680
354
901
81700
415
857
81720
458
816
81740
485
770
81760
508
726
81780
527
685
81800
543
648
81820
569
609
81840
607
573
81860
648
544
81880
682
514
81900
728
488
81920
768
463
81940
800
442
81960
832
418
81980
867
397
82000
907
380
82020
947
351
82040
974
336
82060
1005
314
82080
1037
297
82100
1062
276
82120
1090
262
82140
1113
247
82160
1134
231
82180
1149
213
82200
1159
195
82220
1169
184
82240
1176
166
82260
1179
154
82280
1183
136
82300
1190
122
82320
1192
109
82340
1196
94
82360
1197
83
82380
1196
72
82400
