576
1052
82740
638
1014
82760
693
980
82780
745
946
82800
791
923
82820
835
899
82840
888
877
82860
930
860
82880
985
838
82900
1038
816
82920
1079
799
82940
1094
773
82960
1121
748
82980
1160
731
83000
1207
712
83020
1248
701
83040
1293
691
83060
1334
675
83080
1374
669
83100
1416
656
83120
1458
641
83140
1495
622
83160
1529
609
83180
1558
597
83200
1600
587
83220
1640
585
83240
1676
576
83260
1715
571
83280
1750
564
83300
