217
1016
82680
245
956
82700
269
914
82720
287
865
82740
300
829
82760
299
786
82780
309
748
82800
329
708
82820
345
676
82840
358
638
82860
369
606
82880
386
579
82900
396
539
82920
413
515
82940
424
492
82960
430
466
82980
444
440
83000
460
414
83020
471
392
83040
486
373
83060
495
350
83080
500
325
83100
500
310
83120
511
291
83140
511
271
83160
508
252
83180
506
235
83200
511
219
83220
511
207
83240
515
194
83260
511
178
83280
506
165
83300
510
149
83320
517
134
83340
516
122
83360
518
116
83380
524
98
83400
524
88
83420
528
80
83440
529
65
83460
