1532
1027
82260
1506
981
82280
1488
935
82300
1474
891
82320
1460
851
82340
1449
806
82360
1434
767
82380
1422
728
82400
1412
697
82420
1398
661
82440
1391
629
82460
1380
602
82480
1366
571
82500
1354
537
82520
1345
514
82540
1333
489
82560
1324
462
82580
1320
437
82600
1319
416
82620
1309
392
82640
1306
372
82660
1300
349
82680
1296
336
82700
1293
310
82720
1292
297
82740
1288
275
82760
1293
256
82780
1295
245
82800
1298
226
82820
1299
214
82840
1302
197
82860
1304
184
82880
1301
164
82900
1299
150
82920
1301
140
82940
1301
129
82960
1305
116
82980
1310
105
83000
1307
90
83020
1305
81
83040
1302
71
83060
