439
1043
82920
466
988
82940
482
938
82960
502
892
82980
526
850
83000
547
804
83020
558
767
83040
577
732
83060
602
695
83080
619
665
83100
638
627
83120
653
589
83140
686
567
83160
696
535
83180
715
506
83200
734
481
83220
754
453
83240
767
432
83260
781
406
83280
792
381
83300
801
363
83320
811
346
83340
817
319
83360
823
303
83380
841
286
83400
858
274
83420
871
252
83440
878
237
83460
889
217
83480
899
205
83500
908
190
83520
917
174
83540
915
173
83560
922
176
83580
923
183
83600
926
181
83620
933
185
83640
935
182
83660
949
187
83680
974
176
83700
