1323
96
84780
1331
108
84800
1336
113
84820
1346
124
84840
1350
137
84860
1354
154
84880
1361
162
84900
1362
176
84920
1364
184
84940
1366
194
84960
1368
208
84980
1374
223
85000
1378
236
85020
1383
244
85040
1389
255
85060
1397
277
85080
1404
293
85100
1409
300
85120
1420
323
85140
1429
332
85160
1442
349
85180
1448
364
85200
1456
383
85220
1466
407
85240
1480
424
85260
1494
442
85280
1501
458
85300
1505
481
85320
1503
496
85340
1514
524
85360
1520
543
85380
1529
572
85400
1541
601
85420
1550
628
85440
1559
645
85460
1568
669
85480
1584
698
85500
1587
725
85520
1587
745
85540
1598
778
85560
1621
811
85580
1633
842
85600
1656
882
85620
1670
917
85640
1699
954
85660
1716
993
85680
1738
1034
85700
