1358
105
86020
1361
114
86040
1371
129
86060
1384
147
86080
1398
162
86100
1407
177
86120
1407
199
86140
1409
219
86160
1407
225
86180
1404
229
86200
1415
228
86220
1429
243
86240
1442
259
86260
1444
287
86280
1443
308
86300
1440
333
86320
1461
345
86340
1492
353
86360
1516
376
86380
1507
402
86400
1492
429
86420
1488
441
86440
1501
469
86460
1533
482
86480
1577
500
86500
1617
528
86520
1660
545
86540
1709
554
86560
1743
563
86580
1773
560
86600
