1486
239
86240
1469
247
86260
1451
260
86280
1434
272
86300
1421
284
86320
1409
298
86340
1403
315
86360
1388
331
86380
1376
343
86400
1376
354
86420
1369
377
86440
1360
397
86460
1354
414
86480
1364
431
86500
1371
466
86520
1387
488
86540
1389
502
86560
1390
516
86580
1401
544
86600
1412
573
86620
1423
593
86640
1417
631
86660
1424
650
86680
1440
681
86700
1448
708
86720
1462
743
86740
1483
777
86760
1499
805
86780
1521
842
86800
1543
877
86820
1559
914
86840
1578
956
86860
1588
1003
86880
1602
1034
86900
