1274
83
86120
1263
97
86140
1247
103
86160
1242
125
86180
1231
135
86200
1222
151
86220
1207
162
86240
1192
174
86260
1169
189
86280
1155
202
86300
1140
208
86320
1114
229
86340
1094
248
86360
1073
253
86380
1045
273
86400
1018
291
86420
1010
304
86440
974
318
86460
929
333
86480
888
344
86500
841
355
86520
805
370
86540
753
385
86560
713
394
86580
665
411
86600
620
424
86620
571
441
86640
521
461
86660
462
466
86680
412
479
86700
347
479
86720
291
485
86740
227
496
86760
163
502
86780
104
500
86800
32
495
86820
