1494
221
86100
1454
236
86120
1426
241
86140
1394
275
86160
1367
295
86180
1345
307
86200
1330
330
86220
1303
306
86240
1292
335
86260
1279
348
86280
1258
366
86300
1248
382
86320
1232
410
86340
1223
430
86360
1203
452
86380
1185
472
86400
1161
497
86420
1152
522
86440
1134
557
86460
1103
581
86480
1089
612
86500
1048
634
86520
1023
661
86540
979
687
86560
940
721
86580
889
747
86600
834
777
86620
774
811
86640
719
838
86660
668
860
86680
612
887
86700
567
902
86720
498
936
86740
447
971
86760
385
1012
86780
329
1058
86800
