521
1009
86700
560
982
86720
602
951
86740
642
923
86760
675
894
86780
701
863
86800
724
831
86820
738
800
86840
745
771
86860
757
745
86880
768
726
86900
772
705
86920
787
700
86940
840
680
86960
877
670
86980
914
667
87000
939
659
87020
950
655
87040
977
647
87120
981
639
87140
982
644
87160
956
658
87560
919
669
87580
845
669
87620
803
659
87640
769
652
87660
739
635
87680
716
616
87700
683
598
87720
651
584
87740
624
565
87760
597
556
87780
577
532
87800
557
521
87820
538
497
87840
526
490
87860
508
474
87880
487
465
87900
459
451
87920
444
436
87940
436
426
87960
415
414
87980
416
401
88000
415
397
88020
403
386
88040
410
384
88060
402
390
88120
380
384
88140
365
386
88160
360
379
88180
349
389
88720
329
382
88740
327
388
88760
339
395
89920
330
413
89940
353
428
89960
360
436
89980
370
448
90000
373
466
90020
384
473
90040
382
483
90060
393
499
90080
400
505
90100
396
505
90140
426
528
90240
419
521
90260
419
527
90280
431
537
90340
434
529
90420
467
540
90480
478
555
90540
491
568
90900
510
566
90920
535
572
90960
532
580
90980
542
580
91000
544
600
91060
544
594
91100
539
595
91180
548
600
91280
546
605
92080
543
609
92120
549
635
92160
563
637
92180
586
656
92200
595
666
92220
623
681
92240
653
692
92260
697
715
92280
715
725
92300
750
744
92320
768
767
92340
789
791
92360
804
807
92380
823
826
92400
832
859
92420
833
874
92440
836
891
92460
836
905
92480
824
909
92500
833
924
92520
818
928
92540
821
932
92560
798
974
92720
768
984
92740
751
1001
92760
744
1025
92780
733
1054
92800
