634
131
87360
623
147
87380
621
165
87400
616
178
87420
622
188
87440
639
205
87460
659
215
87480
689
228
87500
709
232
87520
749
244
87540
774
259
87560
812
276
87580
843
282
87600
871
290
87620
912
306
87640
950
317
87660
987
333
87680
1022
340
87700
1058
349
87720
1104
372
87740
1131
380
87760
1167
402
87780
1209
420
87800
1252
433
87820
1296
450
87840
1341
472
87860
1396
485
87880
1438
505
87900
1486
507
87920
1542
527
87940
1589
538
87960
1637
558
87980
1697
550
88000
1755
561
88020
