1332
95
87000
1318
106
87020
1306
117
87040
1305
130
87060
1301
137
87080
1288
151
87100
1280
173
87120
1270
175
87140
1249
193
87160
1242
193
87180
1222
211
87200
1190
223
87220
1176
233
87240
1150
243
87260
1123
246
87280
1092
259
87300
1059
268
87320
1028
270
87340
999
287
87360
967
303
87380
925
313
87400
897
327
87420
865
346
87440
824
358
87460
786
372
87480
756
385
87500
719
401
87520
674
413
87540
642
422
87560
593
436
87580
552
454
87600
490
465
87620
444
473
87640
393
487
87660
334
497
87680
278
503
87700
222
504
87720
168
509
87740
114
511
87760
53
519
87780
5
512
87800
