1202
88
87840
1197
99
87860
1192
104
87880
1190
118
87900
1190
125
87920
1194
139
87940
1198
135
87960
1210
148
87980
1219
160
88000
1214
174
88020
1203
183
88040
1197
185
88060
1190
193
88080
1171
201
88100
1168
211
88120
1140
221
88140
1133
229
88160
1123
235
88180
1106
241
88200
1086
253
88220
1075
267
88240
1058
278
88260
1045
291
88280
1033
297
88300
1032
305
88320
1029
318
88340
1027
327
88360
1015
341
88380
1009
352
88400
989
368
88420
979
378
88440
963
399
88460
944
413
88480
933
426
88500
919
443
88520
912
455
88540
906
468
88560
899
481
88580
782
506
89040
765
513
89060
770
513
89080
748
474
89380
729
469
89400
709
465
89420
670
461
89440
645
474
89460
616
481
89480
576
484
89500
542
491
89520
510
495
89540
467
494
89560
431
497
89580
397
497
89600
356
507
89620
306
502
89640
276
502
89660
234
502
89680
199
505
89700
162
515
89720
126
512
89740
78
515
89760
42
518
89780
7
512
89800
