1294
84
87880
1308
83
87900
1308
93
87920
1310
99
87940
1312
104
87960
1317
115
87980
1323
122
88000
1324
134
88020
1325
138
88040
1326
145
88060
1324
160
88080
1327
163
88100
1320
190
88120
1322
197
88140
1321
205
88160
1324
222
88180
1332
224
88200
1340
230
88220
1334
236
88240
1344
250
88260
1345
272
88280
1351
282
88300
1352
290
88320
1353
304
88340
1354
315
88360
1352
326
88380
1355
329
88400
1355
343
88420
1368
356
88440
1374
369
88460
1372
392
88480
1373
412
88500
1386
435
88520
1397
437
88540
1403
447
88560
1417
462
88580
1424
485
88600
1441
495
88620
1448
507
88640
1450
529
88660
1464
546
88680
1470
561
88700
1473
590
88720
1483
620
88740
1492
642
88760
1502
665
88780
1514
699
88800
1524
718
88820
1541
744
88840
1553
775
88860
1560
778
88880
1585
811
88900
1587
836
88920
1604
861
88940
1627
893
88960
1642
916
88980
1665
954
89000
1673
986
89020
1691
1032
89040
1707
1062
89060
