1462
220
88340
1440
218
88360
1418
229
88380
1397
240
88400
1389
253
88420
1392
261
88440
1388
277
88460
1377
284
88480
1361
294
88500
1350
308
88520
1340
318
88540
1330
337
88560
1329
353
88580
1327
370
88600
1323
384
88620
1322
400
88640
1319
416
88660
1307
434
88680
1302
449
88700
1306
468
88720
1303
488
88740
1302
512
88760
1315
525
88780
1325
549
88800
1331
569
88820
1334
588
88840
1346
612
88860
1359
639
88880
1364
659
88900
1388
684
88920
1395
706
88940
1417
737
88960
1438
764
88980
1457
785
89000
1477
818
89020
1483
847
89040
1494
894
89060
1510
931
89080
1512
975
89100
1515
1010
89120
1522
1041
89140
