1722
518
88240
1702
524
88260
1678
530
88280
1662
532
88300
1640
542
88320
1628
547
88340
1614
551
88360
1591
557
88380
1569
570
88400
1546
578
88420
1516
587
88440
1496
589
88460
1460
593
88480
1418
589
88500
1385
592
88520
1361
588
88540
1329
572
88560
1292
563
88580
1260
561
88600
1239
561
88620
1206
556
88640
1173
550
88660
1133
542
88680
1098
535
88700
1063
535
88720
1030
530
88740
1002
530
88760
821
511
89380
785
514
89400
759
521
89420
751
540
89440
758
556
89460
768
570
89480
766
572
89500
747
586
89720
754
603
89740
756
622
89760
767
646
89780
782
657
89800
788
672
89820
801
680
89840
822
688
89860
850
686
89880
882
682
89900
918
675
89920
966
670
89940
1007
656
89960
1046
632
89980
1078
624
90000
1102
608
90020
1132
594
90040
1159
575
90060
1179
559
90080
1202
544
90100
1225
536
90120
1255
523
90140
1282
511
90160
1311
500
90180
1336
490
90200
1362
483
90220
1376
472
90240
1392
464
90260
1414
457
90280
1440
455
90300
1456
450
90320
1467
445
90340
1465
442
90360
1466
448
90380
1476
439
90400
1480
433
90420
1494
423
90440
1510
413
90460
1524
405
90480
1534
393
90500
1549
404
90520
1550
401
90540
1563
394
90560
1590
398
90580
