1085
998
88240
1046
963
88260
1014
928
88280
978
910
88300
938
888
88320
896
861
88340
861
838
88360
825
809
88380
784
790
88400
759
765
88420
720
741
88440
699
724
88460
676
698
88480
657
685
88500
638
657
88520
623
631
88540
610
610
88560
595
586
88580
581
564
88600
570
548
88620
564
526
88640
560
501
88660
555
480
88680
553
460
88700
543
440
88720
538
424
88740
539
404
88760
546
385
88780
551
382
88800
565
360
88820
578
351
88840
603
331
88860
612
313
88880
621
300
88900
633
289
88920
645
275
88940
653
265
88960
656
245
88980
674
234
89000
679
221
89020
679
209
89040
689
204
89060
692
190
89080
699
176
89100
698
167
89120
700
157
89140
701
153
89160
698
136
89180
700
126
89200
702
122
89220
703
112
89240
704
106
89260
704
87
89280
705
84
89300
711
70
89320
720
64
89340
749
68
89360
772
59
89380
787
51
89400
