1310
99
87960
1317
107
87980
1314
116
88000
1316
128
88020
1316
129
88040
1319
141
88060
1322
164
88080
1318
163
88100
1320
170
88120
1319
180
88140
1315
188
88160
1323
195
88180
1329
209
88200
1337
217
88220
1339
228
88240
1336
242
88260
1345
249
88280
1349
270
88300
1349
281
88320
1356
289
88340
1358
299
88360
1352
303
88380
1361
322
88400
1360
329
88420
1370
341
88440
1366
361
88460
1376
374
88480
1377
394
88500
1385
410
88520
1394
431
88540
1407
443
88560
1415
450
88580
1428
469
88600
1438
490
88620
1448
503
88640
1460
540
88660
1470
551
88680
1470
573
88700
1476
597
88720
1479
617
88740
1485
644
88760
1496
667
88780
1518
688
88800
1532
711
88820
1542
727
88840
1551
753
88860
1568
775
88880
1575
803
88900
1593
830
88920
1600
863
88940
1624
886
88960
1644
924
88980
1665
958
89000
1671
983
89020
1685
1023
89040
1702
1054
89060
