1307
94
88040
1287
93
88060
1265
102
88080
1249
111
88100
1237
124
88120
1225
130
88140
1214
145
88160
1205
157
88180
1199
168
88200
1188
189
88220
1173
198
88240
1156
215
88260
1139
232
88280
1121
243
88300
1095
258
88320
1068
266
88340
1034
276
88360
995
288
88380
962
297
88400
941
313
88420
919
330
88440
894
347
88460
867
365
88480
839
385
88500
813
408
88520
789
429
88540
769
453
88560
743
476
88580
726
503
88600
710
531
88620
699
562
88640
685
598
88660
659
629
88680
627
650
88700
605
682
88720
572
714
88740
532
749
88760
500
784
88780
464
830
88800
431
873
88820
403
916
88840
369
969
88860
330
1014
88880
301
1062
88900
