1501
217
88340
1466
227
88360
1444
228
88380
1433
237
88400
1422
252
88420
1416
263
88440
1408
270
88460
1406
283
88480
1393
291
88500
1387
302
88520
1389
313
88540
1389
328
88560
1391
339
88580
1384
353
88600
1376
361
88620
1369
377
88640
1359
393
88660
1349
412
88680
1333
425
88700
1333
441
88720
1337
464
88740
1344
491
88760
1349
505
88780
1355
534
88800
1364
558
88820
1369
574
88840
1383
604
88860
1398
631
88880
1409
653
88900
1419
679
88920
1430
708
88940
1448
729
88960
1470
757
88980
1481
783
89000
1503
815
89020
1519
852
89040
1526
884
89060
1536
924
89080
1548
951
89100
1560
996
89120
1578
1030
89140
