1177
81
88620
1179
104
88640
1184
111
88660
1184
125
88680
1190
128
88700
1189
128
88720
1194
138
88740
1200
146
88760
1195
158
88780
1192
166
88800
1192
177
88820
1193
189
88840
1189
195
88860
1179
206
88880
1169
212
88900
1164
226
88920
1155
231
88940
1151
243
88960
1145
254
88980
1128
264
89000
1117
273
89020
1100
285
89040
1080
297
89060
1056
310
89080
1033
319
89100
1008
325
89120
978
335
89140
951
343
89160
920
353
89180
892
367
89200
866
368
89220
838
378
89240
806
392
89260
786
407
89280
761
428
89300
742
444
89320
725
468
89340
708
486
89360
690
501
89380
681
523
89400
705
539
89420
745
557
89440
761
571
89460
757
587
89480
726
610
89500
690
630
89520
665
664
89540
635
690
89560
621
718
89580
608
747
89600
586
775
89620
556
805
89640
523
839
89660
487
868
89680
464
900
89700
437
941
89720
412
977
89740
374
1013
89760
343
1057
89780
