1873
830
88660
1824
825
88680
1783
815
88700
1735
805
88720
1688
792
88740
1634
788
88760
1582
788
88780
1529
797
88800
1479
801
88820
1424
795
88840
1373
792
88860
1315
784
88880
1260
777
88900
1209
767
88920
1157
762
88940
1099
758
88960
1048
746
88980
998
738
89000
948
726
89020
897
713
89040
851
700
89060
798
683
89080
752
673
89100
708
655
89120
664
650
89140
617
639
89160
570
630
89180
528
618
89200
494
603
89220
471
584
89240
437
566
89260
394
552
89280
351
548
89300
306
543
89320
260
540
89340
212
540
89360
161
541
89380
112
536
89400
69
529
89420
23
521
89440
