810
204
88680
798
228
88700
784
237
88720
775
252
88740
763
262
88760
756
276
88780
755
289
88800
741
305
88820
738
321
88840
737
331
88860
736
340
88880
738
354
88900
723
369
88920
706
396
88940
688
413
88960
665
425
88980
646
439
89000
623
452
89020
603
467
89040
574
482
89060
552
495
89080
532
509
89100
516
538
89120
501
555
89140
486
570
89160
472
571
89180
461
595
89200
456
616
89220
448
638
89240
438
663
89260
435
690
89280
433
717
89300
429
747
89320
427
777
89340
424
808
89360
414
846
89380
398
876
89400
380
909
89420
361
944
89440
333
985
89460
311
1020
89480
293
1056
89500
