1893
831
89120
1835
825
89140
1765
810
89160
1701
802
89180
1633
792
89200
1564
788
89220
1500
775
89240
1431
765
89260
1366
752
89280
1300
751
89300
1237
749
89320
1181
748
89340
1119
746
89360
1050
744
89380
987
738
89400
924
726
89420
861
719
89440
797
704
89460
738
693
89480
674
687
89500
613
682
89520
560
674
89540
514
662
89560
459
659
89580
404
650
89600
351
637
89620
303
628
89640
253
608
89660
202
601
89680
148
588
89700
94
574
89720
41
560
89740
