543
90
88940
541
95
88960
546
106
88980
557
118
89000
568
129
89020
569
144
89040
572
154
89060
575
164
89080
581
174
89100
594
190
89120
602
195
89140
618
203
89160
639
215
89180
664
222
89200
687
230
89220
721
241
89240
752
252
89260
784
261
89280
814
272
89300
843
283
89320
875
294
89340
906
306
89360
936
322
89380
967
335
89400
1000
347
89420
1034
363
89440
1070
374
89460
1103
388
89480
1141
405
89500
1177
421
89520
1214
438
89540
1257
450
89560
1301
467
89580
1349
480
89600
1397
496
89620
1444
507
89640
1493
520
89660
1541
533
89680
1589
545
89700
1640
554
89720
1691
559
89740
1737
563
89760
1776
566
89780
