1277
85
89400
1283
98
89420
1288
108
89440
1294
116
89460
1303
131
89480
1307
140
89500
1311
158
89520
1312
168
89540
1317
182
89560
1324
197
89580
1330
214
89600
1336
226
89620
1338
244
89640
1338
261
89660
1337
278
89680
1336
296
89700
1337
313
89720
1339
331
89740
1344
351
89760
1345
365
89780
1343
391
89800
1343
409
89820
1350
434
89840
1360
456
89860
1374
477
89880
1387
507
89900
1398
530
89920
1412
556
89940
1435
582
89960
1456
607
89980
1475
642
90000
1493
668
90020
1510
702
90040
1531
734
90060
1544
769
90080
1553
805
90100
1561
847
90120
1576
886
90140
1597
931
90160
1621
968
90180
1644
1010
90200
1673
1046
90220
