1812
866
89420
1791
863
89440
1770
864
89460
1745
858
89480
1719
855
89500
1701
845
89520
1680
840
89540
1662
834
89560
1646
827
89580
1639
823
89600
1628
817
89620
1617
820
89640
1608
812
89660
1596
810
89680
1581
802
89700
1564
788
89720
1544
782
89740
1525
768
89760
1508
761
89780
1493
758
89800
1480
752
89820
1473
739
89840
1451
726
89860
1444
715
89880
1434
713
89900
1428
707
89920
1416
717
89940
1391
723
89960
1374
733
89980
1349
741
90000
1338
760
90020
1316
771
90040
1300
791
90060
1281
819
90080
1262
838
90100
1253
860
90120
1234
886
90140
1223
914
90160
1206
945
90180
1187
976
90200
1173
1005
90220
1146
1039
90240
1120
1074
90260
