1446
355
89680
1420
342
89700
1395
331
89720
1377
326
89740
1359
306
89760
1326
296
89780
1291
289
89800
1256
284
89820
1219
276
89840
1183
274
89860
1149
272
89880
1115
266
89900
1077
263
89920
1040
260
89940
1006
255
89960
971
248
89980
930
241
90000
895
238
90020
863
234
90040
828
234
90060
796
227
90080
763
227
90100
720
215
90120
695
216
90140
668
211
90160
644
203
90180
623
190
90200
610
181
90220
600
168
90240
590
155
90260
583
144
90280
581
134
90300
581
126
90320
582
114
90340
582
102
90360
575
92
90380
575
82
90400
572
76
90420
574
66
90440
569
56
90460
