1182
87
90020
1196
109
90040
1200
118
90060
1197
143
90080
1204
140
90100
1201
164
90120
1201
177
90140
1197
187
90160
1176
167
90180
1167
181
90200
1157
193
90220
1141
203
90240
1119
211
90260
1102
222
90280
1088
236
90300
1073
246
90320
1049
258
90340
1028
269
90360
1005
282
90380
979
293
90400
955
306
90420
934
319
90440
914
336
90460
892
351
90480
867
363
90500
843
383
90520
818
396
90540
797
415
90560
775
433
90580
753
455
90600
733
471
90620
712
496
90640
691
515
90660
675
545
90680
659
567
90700
637
594
90720
612
617
90740
587
642
90760
559
667
90780
535
688
90800
508
716
90820
485
747
90840
470
776
90860
451
808
90880
431
844
90900
409
880
90920
382
916
90940
346
951
90960
315
991
90980
277
1027
91000
238
1072
91020
