304
1021
90460
318
977
90480
326
939
90500
325
929
90520
331
894
90540
337
857
90560
345
823
90580
350
792
90600
358
760
90620
366
731
90640
375
701
90660
387
672
90680
394
647
90700
407
594
90720
415
571
90740
418
543
90760
418
520
90780
422
498
90800
424
478
90820
433
459
90840
441
437
90860
448
417
90880
455
397
90900
462
378
90920
468
362
90940
477
344
90960
487
326
90980
493
309
91000
497
297
91020
504
280
91040
510
266
91060
514
250
91080
513
235
91100
515
224
91120
515
210
91140
516
199
91160
515
188
91180
516
174
91200
519
160
91220
520
153
91240
515
141
91260
510
126
91280
504
119
91300
498
107
91320
496
98
91340
500
87
91360
505
80
91380
509
72
91400
517
63
91420
518
49
91440
