1445
361
90720
1415
358
90740
1376
346
90760
1335
341
90780
1299
337
90800
1262
330
90820
1224
325
90840
1192
322
90860
1159
313
90880
1130
307
90900
1090
303
90920
1053
298
90940
1022
289
90960
986
285
90980
954
279
91000
925
271
91020
897
264
91040
863
259
91060
836
253
91080
802
246
91100
775
243
91120
747
237
91140
724
230
91160
701
217
91180
683
213
91200
663
205
91220
646
196
91240
632
185
91260
625
175
91280
622
163
91300
617
157
91320
613
142
91340
613
134
91360
617
126
91380
622
116
91400
625
102
91420
627
96
91440
635
80
91460
642
75
91480
650
70
91500
