1440
352
90660
1405
339
90680
1377
326
90700
1350
312
90720
1325
301
90740
1297
288
90760
1274
281
90780
1250
272
90800
1230
261
90820
1208
245
90840
1187
235
90860
1174
226
90880
1154
218
90900
1143
204
90920
1132
191
90940
1124
180
90960
1124
166
90980
1124
157
91000
1118
143
91020
1118
132
91040
1119
119
91060
1122
110
91080
1115
92
91100
1115
81
91120
1109
74
91140
1093
66
91160
1068
60
91180
1042
55
91200
1020
51
91220
1007
45
91240
