757
1028
91060
793
1000
91080
839
967
91100
874
936
91120
916
912
91140
954
891
91160
987
862
91180
1008
833
91200
1043
804
91220
1062
778
91240
1090
754
91260
1122
728
91280
1154
711
91300
1184
688
91320
1206
662
91340
1225
637
91360
1244
608
91380
1258
591
91400
1272
565
91420
1273
540
91440
1283
516
91460
1290
501
91480
1300
473
91500
1304
454
91520
1306
436
91540
1312
421
91560
1317
401
91580
1317
386
91600
1314
367
91620
1310
353
91640
1311
342
91660
1317
326
91680
1328
310
91700
1330
294
91720
1332
282
91740
1336
268
91760
1345
259
91780
1353
247
91800
1359
238
91820
1363
222
91840
1362
209
91860
1362
196
91880
1364
189
91900
1365
178
91920
1362
165
91940
1359
156
91960
1355
142
91980
1359
134
92000
1354
121
92020
1354
109
92040
1351
98
92060
1349
89
92080
1353
84
92100
1363
80
92120
