615
134
91000
614
143
91020
606
157
91040
595
171
91060
593
185
91080
605
193
91100
603
207
91120
594
220
91140
585
238
91160
579
252
91180
575
266
91200
575
280
91220
572
298
91240
568
318
91260
559
339
91280
556
356
91300
544
374
91320
540
392
91340
523
418
91360
508
437
91380
496
458
91400
483
480
91420
471
509
91440
457
530
91460
441
555
91480
432
583
91500
426
610
91520
415
640
91540
404
674
91560
393
702
91580
382
739
91600
372
771
91620
362
810
91640
344
846
91660
321
890
91680
284
926
91700
253
973
91720
228
1013
91740
201
1065
91760
