465
1042
91280
479
993
91300
486
945
91320
499
896
91340
508
851
91360
514
811
91380
522
777
91400
528
729
91420
536
693
91440
549
666
91460
567
630
91480
581
599
91500
584
571
91520
583
541
91540
583
513
91560
583
486
91580
584
465
91600
585
441
91620
579
417
91640
572
392
91660
574
370
91680
579
351
91700
592
332
91720
607
312
91740
620
295
91760
637
279
91780
654
260
91800
668
246
91820
685
224
91840
707
214
91860
722
199
91880
729
187
91900
732
172
91920
733
156
91940
733
146
91960
738
129
91980
737
116
92000
739
104
92020
745
88
92040
752
77
92060
766
65
92080
788
52
92100
801
47
92120
