1524
352
91480
1488
344
91500
1454
337
91520
1413
329
91540
1382
326
91560
1318
312
91600
1286
304
91620
1255
295
91640
1222
289
91660
1196
281
91680
1168
276
91700
1133
267
91720
1104
262
91740
1077
259
91760
1044
252
91780
1014
248
91800
978
245
91820
944
240
91840
911
241
91860
878
236
91880
842
237
91900
814
232
91920
781
226
91940
752
221
91960
721
212
91980
700
207
92000
680
198
92020
662
193
92040
646
185
92060
630
174
92080
624
162
92100
626
150
92120
622
139
92140
622
132
92160
624
119
92180
625
110
92200
621
101
92220
625
89
92240
630
79
92260
633
70
92280
632
65
92300
