1145
87
92280
1152
98
92300
1157
107
92320
1160
119
92340
1165
134
92360
1166
150
92380
1172
161
92400
1186
172
92420
1193
187
92440
1196
200
92460
1200
215
92480
1202
230
92500
1201
238
92520
1211
253
92540
1215
266
92560
1222
287
92580
1229
306
92600
1235
322
92620
1241
339
92640
1249
359
92660
1259
375
92680
1267
393
92700
1268
412
92720
1276
433
92740
1280
456
92760
1289
477
92780
1299
507
92800
1310
528
92820
1323
554
92840
1328
583
92860
1338
609
92880
1354
645
92900
1365
674
92920
1371
696
92940
1375
734
92960
1377
765
92980
1382
802
93000
1393
837
93020
1401
874
93040
1417
913
93060
1428
960
93080
1440
1008
93100
1455
1050
93120
