1046
129
92400
1043
142
92420
1047
151
92440
1050
158
92460
1050
170
92480
1055
178
92500
1061
192
92520
1068
203
92540
1085
212
92560
1107
221
92580
1128
230
92600
1152
238
92620
1170
254
92640
1182
263
92660
1204
275
92680
1224
281
92700
1249
292
92720
1271
308
92740
1290
317
92760
1311
333
92780
1325
348
92800
1341
361
92820
1352
386
92840
1365
391
92860
1372
403
92880
1386
423
92900
1405
437
92920
1425
452
92940
1451
468
92960
1474
488
92980
1504
504
93000
1539
517
93020
1581
530
93040
1621
538
93060
1660
548
93080
1700
555
93100
1737
562
93120
1769
565
93140
