1545
388
92180
1530
393
92200
1517
405
92220
1526
422
92240
1511
435
92260
1508
450
92280
1493
467
92300
1471
482
92320
1439
491
92340
1414
503
92360
1388
519
92380
1366
532
92400
1342
557
92420
1312
569
92440
1284
586
92460
1249
601
92480
1222
627
92500
1197
646
92520
1174
667
92540
1141
685
92560
1107
701
92580
1060
717
92600
1029
740
92620
989
762
92640
949
784
92660
901
800
92680
858
823
92700
815
850
92720
771
873
92740
720
889
92760
677
923
92780
634
951
92800
595
977
92820
549
1006
92840
513
1042
92860
479
1075
92880
