1477
220
92800
1463
228
92820
1458
242
92840
1448
263
92860
1435
275
92880
1423
287
92900
1414
302
92920
1411
317
92940
1411
330
92960
1410
341
92980
1412
356
93000
1407
379
93020
1406
397
93040
1406
416
93060
1408
438
93080
1415
461
93100
1425
480
93120
1429
500
93140
1426
518
93160
1426
548
93180
1437
569
93200
1448
592
93220
1458
619
93240
1463
638
93260
1471
671
93280
1483
700
93300
1498
738
93320
1511
772
93340
1529
809
93360
1544
845
93380
1560
889
93400
1576
930
93420
1592
982
93440
1610
1025
93460
1636
1063
93480
