1591
362
93140
1556
348
93160
1522
329
93180
1496
315
93200
1462
298
93220
1431
285
93240
1410
273
93260
1389
261
93280
1368
244
93300
1346
233
93320
1309
221
93340
1279
216
93360
1251
212
93380
1221
208
93400
1194
205
93420
1169
200
93440
1140
195
93460
1113
186
93480
1111
171
93500
1106
158
93520
1101
146
93540
1095
132
93560
1094
121
93580
1093
112
93600
1089
97
93620
1089
89
93640
1089
76
93660
1079
70
93680
1056
61
93700
1031
50
93720
1010
47
93740
