491
106
93380
493
120
93400
503
137
93420
513
148
93440
525
167
93460
538
185
93480
554
196
93500
579
212
93520
603
222
93540
626
239
93560
644
256
93580
667
279
93600
699
292
93620
739
309
93640
783
323
93660
825
336
93680
867
353
93700
917
357
93720
956
368
93740
996
384
93760
1031
399
93780
1069
418
93800
1110
433
93820
1156
450
93840
1193
470
93860
1227
482
93880
1265
494
93900
1309
506
93920
1348
525
93940
1376
541
93960
1419
548
93980
1467
548
94000
1532
549
94020
1586
548
94040
1644
546
94060
1696
546
94080
1739
548
94100
