1840
849
93380
1799
837
93400
1743
819
93420
1689
796
93440
1637
777
93460
1585
755
93480
1533
727
93500
1492
703
93520
1439
682
93540
1388
668
93560
1340
655
93580
1295
630
93600
1258
596
93620
1216
574
93640
1172
558
93660
1129
541
93680
1097
522
93700
1068
516
93720
1054
506
93740
1028
486
93760
993
460
93780
967
446
93800
937
433
93820
905
416
93840
861
396
93860
826
380
93880
791
367
93900
757
352
93920
730
332
93940
700
326
93960
672
303
93980
641
288
94000
615
278
94020
592
266
94040
572
252
94060
557
239
94080
546
227
94100
538
209
94120
532
187
94140
531
177
94160
530
163
94180
531
153
94200
527
138
94220
531
122
94240
529
122
94260
525
93
94280
524
91
94300
516
82
94320
511
73
94340
499
63
94360
