585
151
93380
578
168
93400
586
181
93420
589
196
93440
592
210
93460
594
226
93480
593
239
93500
589
259
93520
584
275
93540
581
295
93560
580
316
93580
588
339
93600
596
363
93620
602
381
93640
613
405
93660
622
426
93680
634
451
93700
642
478
93720
653
500
93740
659
525
93760
666
547
93780
689
567
93800
716
592
93820
738
620
93840
764
646
93860
783
687
93880
803
716
93900
831
738
93920
854
766
93940
880
799
93960
908
837
93980
937
873
94000
968
915
94020
1011
952
94040
1068
997
94060
1125
1039
94080
1177
1074
94100
