1616
328
93440
1588
328
93460
1557
333
93480
1530
330
93500
1510
333
93520
1497
344
93540
1484
350
93560
1467
357
93580
1460
373
93600
1440
381
93620
1428
390
93640
1413
400
93660
1405
416
93680
1402
432
93700
1402
445
93720
1411
461
93740
1412
483
93760
1418
495
93780
1425
517
93800
1441
527
93820
1439
539
93840
1442
553
93860
1449
560
93880
1462
581
93900
1478
594
93920
1486
613
93940
1490
632
93960
1497
645
93980
1505
669
94000
1512
687
94020
1521
706
94040
1533
726
94060
1561
750
94080
1585
777
94100
1608
795
94120
1633
827
94140
1657
853
94160
1678
880
94180
1705
911
94200
1732
944
94220
1760
976
94240
1785
1017
94260
1814
1052
94280
