165
605
93520
201
629
93540
250
634
93560
296
640
93580
335
654
93600
384
661
93620
449
655
93640
492
655
93660
542
657
93680
595
662
93700
643
664
93720
697
670
93740
744
671
93760
794
671
93780
846
668
93800
898
676
93820
946
673
93840
981
664
93860
1031
669
93880
1079
666
93900
1127
666
93920
1174
666
93940
1224
663
93960
1261
659
93980
1296
654
94000
1338
649
94020
1371
640
94040
1416
639
94060
1458
635
94080
1499
631
94100
1538
628
94120
1583
627
94140
1626
624
94160
1660
621
94180
1697
620
94200
1730
623
94220
1757
617
94240
1782
616
94260
