595
174
93980
601
181
94000
618
198
94020
641
210
94040
663
219
94060
692
228
94080
722
237
94100
754
249
94120
783
262
94140
820
272
94160
845
283
94180
874
293
94200
903
305
94220
934
318
94240
964
331
94260
992
342
94280
1022
359
94300
1059
371
94320
1094
382
94340
1126
399
94360
1164
414
94380
1202
434
94400
1236
442
94420
1264
460
94440
1304
476
94460
1350
488
94480
1394
501
94500
1444
517
94520
1489
527
94540
1531
532
94560
1576
545
94580
1622
549
94600
1659
558
94620
1694
567
94640
1725
569
94660
1752
573
94680
1773
574
94700
