502
193
94300
506
206
94320
507
220
94340
512
240
94360
513
252
94380
514
271
94400
515
290
94420
511
310
94440
498
331
94460
488
351
94480
474
374
94500
461
395
94520
451
413
94540
446
442
94560
439
467
94580
432
499
94600
424
516
94620
420
545
94640
417
569
94660
401
604
94680
383
630
94700
374
668
94720
361
705
94740
349
740
94760
330
778
94780
317
820
94800
305
862
94820
298
905
94840
278
950
94860
254
1002
94880
225
1051
94900
