595
81
94300
592
94
94320
591
106
94340
590
119
94360
587
131
94380
584
145
94400
582
160
94420
586
170
94440
591
187
94460
607
199
94480
631
212
94500
652
220
94520
677
233
94540
702
248
94560
721
260
94580
754
268
94600
784
284
94620
815
295
94640
845
312
94660
881
326
94680
915
335
94700
951
349
94720
986
362
94740
1021
374
94760
1060
391
94780
1109
402
94800
1143
415
94820
1183
430
94840
1222
447
94860
1259
466
94880
1287
485
94900
1310
511
94920
1336
530
94940
1364
551
94960
1407
564
94980
1459
566
95000
1506
567
95020
1543
569
95040
1581
575
95060
1628
576
95080
1667
570
95100
1704
561
95120
1741
563
95140
1771
557
95160
