248
1000
94560
301
965
94580
367
941
94600
421
918
94620
478
887
94640
533
861
94660
586
845
94680
642
827
94700
700
807
94720
753
795
94740
812
781
94760
858
777
94780
905
773
94800
956
757
94820
1006
736
94840
1051
723
94860
1099
708
94880
1149
696
94900
1193
680
94920
1239
673
94940
1285
660
94960
1329
652
94980
1374
638
95000
1412
625
95020
1454
612
95040
1494
604
95060
1532
596
95080
1575
594
95100
1612
589
95120
1647
581
95140
1677
581
95160
1705
573
95180
1731
573
95200
1760
574
95220
1786
572
95240
