1845
918
94920
1808
899
94940
1777
880
94960
1746
862
94980
1715
847
95000
1677
834
95020
1649
812
95040
1612
786
95060
1594
763
95080
1567
746
95100
1551
721
95120
1538
708
95140
1516
693
95160
1510
676
95180
1490
664
95200
1466
652
95220
1444
633
95240
1424
616
95260
1401
598
95280
1390
586
95300
1372
572
95320
1363
556
95340
1351
543
95360
1350
525
95380
1337
510
95400
1329
495
95420
1316
484
95440
1313
468
95460
1302
457
95480
1298
447
95500
1283
434
95520
1281
427
95540
1264
413
95560
1248
402
95580
1233
392
95600
1214
376
95620
1200
364
95640
1187
352
95660
1175
342
95680
1160
332
95700
1142
317
95720
1125
308
95740
1114
302
95760
1103
290
95780
1097
275
95800
1103
266
95820
1107
256
95840
1106
248
95860
1111
235
95880
1116
229
95900
1113
216
95920
1104
206
95940
1100
196
95960
1100
182
95980
1096
176
96000
1095
155
96020
1092
144
96040
1092
134
96060
1090
124
96080
1091
112
96100
1090
111
96120
1087
96
96140
1085
88
96160
1080
77
96180
1076
73
96200
1057
74
96220
1031
67
96240
1008
59
96260
