1884
942
94860
1841
924
94880
1794
897
94900
1758
872
94920
1721
843
94940
1694
815
94960
1658
792
94980
1628
763
95000
1596
733
95020
1563
705
95040
1540
681
95060
1515
653
95080
1489
628
95100
1463
602
95120
1444
579
95140
1422
559
95160
1397
542
95180
1374
529
95200
1337
508
95220
1310
487
95240
1283
470
95260
1262
455
95280
1244
439
95300
1225
420
95320
1207
402
95340
1180
390
95360
1168
370
95380
1162
348
95400
1156
333
95420
1149
316
95440
1144
297
95460
1134
284
95480
1129
266
95500
1127
255
95520
1117
240
95540
1115
228
95560
1112
212
95580
1105
197
95600
1104
185
95620
1100
161
95640
1097
144
95660
1096
130
95680
1095
119
95700
1092
107
95720
1087
94
95740
1090
83
95760
1093
76
95780
1088
64
95800
1070
54
95820
1048
49
95840
1021
43
95860
