592
135
94800
597
147
94820
599
156
94840
601
169
94860
603
181
94880
618
196
94900
640
205
94920
666
220
94940
688
222
94960
715
231
94980
734
245
95000
765
261
95020
793
274
95040
818
284
95060
850
292
95080
886
311
95100
910
325
95120
941
330
95140
984
345
95160
1016
357
95180
1051
370
95200
1089
386
95220
1123
400
95240
1153
416
95260
1173
445
95280
1199
462
95300
1235
485
95320
1269
506
95340
1303
519
95360
1339
540
95380
1375
545
95400
1399
534
95420
1449
532
95440
1499
530
95460
1544
536
95480
1585
541
95500
1626
542
95520
1677
550
95540
1704
550
95560
1730
556
95580
1755
555
95600
