796
1040
94740
827
1020
94760
866
1002
94780
897
983
94800
921
961
94820
934
955
94840
947
931
94860
966
911
94880
992
892
94900
1020
883
94920
1049
866
94940
1062
844
94960
1084
826
94980
1102
801
95000
1129
785
95020
1151
764
95040
1167
741
95060
1186
723
95080
1206
703
95100
1220
685
95120
1240
668
95140
1260
652
95160
1275
631
95180
1289
612
95200
1309
594
95220
1323
584
95240
1346
566
95260
1372
553
95280
1400
543
95300
1417
533
95320
1434
517
95340
1443
503
95360
1454
483
95380
1471
471
95400
1486
454
95420
1500
446
95440
1514
431
95460
1541
430
95480
1569
427
95500
1587
416
95520
1599
407
95540
