1204
95
94700
1208
118
94720
1206
111
94740
1209
125
94760
1212
140
94780
1220
153
94800
1232
164
94820
1249
178
94840
1260
196
94860
1270
206
94880
1278
224
94900
1291
237
94920
1305
253
94940
1313
273
94960
1327
285
94980
1339
302
95000
1345
321
95020
1357
338
95040
1361
356
95060
1364
373
95080
1373
390
95100
1381
410
95120
1391
424
95140
1399
446
95160
1404
470
95180
1414
491
95200
1481
527
95220
1530
537
95240
1580
545
95260
1628
557
95280
1677
559
95300
1712
560
95320
1751
562
95340
1781
557
95360
