1608
396
94600
1593
391
94620
1541
379
94640
1503
373
94660
1465
368
94680
1427
365
94700
1398
366
94720
1369
372
94740
1351
381
94760
1321
391
94780
1287
404
94800
1260
400
94820
1218
400
94840
1167
418
94860
1122
438
94880
1073
449
94900
1020
460
94920
967
468
94940
906
478
94960
853
494
94980
799
511
95000
746
527
95020
685
549
95040
645
577
95060
613
609
95080
571
633
95100
530
670
95120
472
699
95140
416
727
95160
364
758
95180
314
796
95200
270
837
95220
233
883
95240
203
936
95260
168
986
95280
130
1044
95300
