1596
413
95180
1583
421
95200
1578
422
95220
1563
433
95240
1545
445
95260
1533
461
95280
1521
473
95300
1506
481
95320
1493
495
95340
1486
512
95360
1460
529
95380
1426
540
95400
1392
549
95420
1358
558
95440
1322
563
95460
1285
564
95480
1256
571
95500
1211
572
95520
1158
567
95540
1110
557
95560
1065
548
95580
1035
542
95600
1013
534
95620
1012
530
95640
1027
543
95660
1052
554
95680
1082
564
95700
1094
581
95720
1079
607
95740
1045
626
95760
1016
625
95780
996
635
95800
971
638
95820
950
640
95840
928
647
95860
910
645
95880
909
650
95900
904
647
95920
894
647
95940
881
649
95960
876
650
95980
873
650
96000
870
654
96020
858
657
96040
836
651
96060
830
649
96080
833
653
96100
834
654
96120
855
649
96260
874
646
96280
889
651
96300
897
650
96320
900
646
96340
903
648
96440
887
649
96780
894
646
96800
888
649
96820
903
642
97200
876
652
97220
855
672
97240
814
685
97260
788
702
97280
749
729
97300
702
754
97320
662
784
97340
616
809
97360
576
849
97380
526
888
97400
484
927
97420
434
963
97440
399
1012
97460
359
1054
97480
