1862
961
95140
1814
947
95160
1770
931
95180
1724
920
95200
1663
899
95220
1611
879
95240
1552
859
95260
1493
834
95280
1449
798
95300
1408
772
95320
1365
747
95340
1321
724
95360
1266
692
95380
1220
659
95400
1181
633
95420
1162
602
95440
1140
576
95460
1114
550
95480
1083
516
95500
1050
493
95520
1011
470
95540
964
454
95560
922
440
95580
882
426
95600
848
402
95620
818
387
95640
799
359
95660
773
346
95680
750
326
95700
729
307
95720
707
294
95740
682
275
95760
660
249
95780
643
243
95800
635
229
95820
629
213
95840
618
205
95860
611
194
95880
599
177
95900
589
162
95920
589
155
95940
585
134
95960
578
121
95980
578
108
96000
581
94
96020
581
78
96040
585
67
96060
