1803
904
95860
1754
878
95880
1710
855
95900
1673
830
95920
1636
808
95940
1605
784
95960
1566
756
95980
1537
732
96000
1510
706
96020
1479
684
96040
1451
654
96060
1419
634
96080
1393
608
96100
1366
589
96120
1347
562
96140
1329
540
96160
1319
514
96180
1307
495
96200
1303
469
96220
1293
449
96240
1278
431
96260
1267
406
96280
1254
391
96300
1249
372
96320
1240
358
96340
1229
337
96360
1217
322
96380
1201
302
96400
1184
288
96420
1178
275
96440
1167
259
96460
1153
243
96480
1143
224
96500
1134
217
96520
1126
206
96540
1120
184
96560
1115
167
96580
1113
154
96600
1114
143
96620
1112
127
96640
1110
108
96660
1108
96
96680
1101
83
96700
1091
74
96720
1077
62
96740
1046
58
96760
1022
51
96780
1004
42
96800
