517
95
96400
516
108
96420
510
124
96440
514
137
96460
517
152
96480
528
160
96500
544
172
96520
550
191
96540
565
204
96560
587
224
96580
606
244
96600
615
276
96620
617
310
96640
633
337
96660
653
364
96680
672
386
96700
679
415
96720
689
440
96740
706
468
96760
731
498
96780
760
524
96800
773
551
96820
771
569
96840
771
576
96860
771
576
96900
767
580
96920
768
600
96940
789
645
96960
851
689
96980
937
734
97000
1051
771
97020
1167
822
97040
1268
878
97060
1341
945
97080
1411
1024
97100
