1532
403
96480
1505
400
96500
1464
404
96520
1438
415
96540
1409
419
96560
1376
430
96580
1354
443
96600
1334
456
96620
1310
471
96640
1290
490
96660
1269
505
96680
1249
524
96700
1230
544
96720
1209
563
96740
1187
580
96760
1165
601
96780
1146
622
96800
1131
650
96820
1105
678
96840
1072
693
96860
1041
714
96880
1003
736
96900
958
752
96920
914
769
96940
865
789
96960
814
804
96980
763
820
97000
714
841
97020
661
869
97040
612
890
97060
564
917
97080
509
938
97100
449
960
97120
402
987
97140
343
1016
97160
288
1042
97180
223
1067
97200
