319
1015
97400
284
1029
97420
349
921
97440
363
884
97460
382
845
97480
382
804
97500
381
779
97520
392
738
97540
415
704
97560
428
679
97580
440
647
97600
447
615
97620
457
593
97640
457
565
97660
467
547
97680
474
526
97700
478
501
97720
480
486
97740
483
465
97760
485
450
97780
489
435
97800
487
418
97820
485
398
97840
493
389
97860
490
382
97880
492
377
97900
480
374
97920
479
370
97940
472
371
97960
466
366
98060
466
361
98080
464
356
98100
464
353
98120
465
347
98140
464
342
98160
458
336
98180
455
334
98200
445
332
98220
439
324
98240
435
332
98800
434
331
98820
425
332
98840
405
333
100020
388
332
100040
359
330
100060
342
325
100080
354
330
100640
367
336
100660
378
343
100680
397
351
100700
422
357
100720
454
361
100740
475
363
100760
488
377
100780
506
395
100800
531
402
100820
562
412
100840
595
413
100860
632
413
100880
677
409
100900
721
403
100920
771
402
100940
805
400
100960
856
395
100980
902
395
101000
938
395
101020
984
400
101040
1011
399
101060
1034
392
101080
1074
390
101100
1110
391
101120
1145
395
101140
1179
397
101160
1207
386
101180
1237
390
101200
1265
385
101220
1281
379
101240
1303
366
101260
1337
362
101280
1372
370
101300
1386
358
101320
1422
365
101340
1448
364
101360
1479
373
101380
1512
373
101400
1538
370
101420
1555
373
101440
1578
369
101460
1591
366
101480
