1576
380
97040
1552
397
97060
1523
393
97080
1501
405
97100
1484
414
97120
1469
430
97140
1459
440
97160
1443
451
97180
1431
466
97200
1419
480
97220
1408
498
97240
1389
513
97260
1374
527
97280
1361
542
97300
1339
557
97320
1329
572
97340
1324
588
97360
1310
607
97380
1291
626
97400
1272
641
97420
1251
657
97440
1220
674
97460
1192
692
97480
1157
709
97500
1130
721
97520
1092
738
97540
1060
752
97560
1024
771
97580
992
792
97600
952
810
97620
920
823
97640
881
844
97660
852
859
97680
811
881
97700
770
905
97720
737
925
97740
703
944
97760
666
977
97780
631
1000
97800
593
1026
97820
549
1054
97840
