222
999
97520
233
986
97540
252
945
97560
266
899
97580
276
858
97600
300
818
97620
300
784
97640
309
747
97660
327
717
97680
339
684
97700
356
656
97720
369
627
97740
381
600
97760
392
573
97780
408
551
97800
418
530
97820
427
471
97840
432
450
97860
447
433
97880
461
410
97900
461
393
97920
457
370
97940
455
360
97960
450
350
97980
441
339
98000
435
329
98020
431
323
98160
423
327
98180
413
326
98200
411
321
98220
401
323
98280
399
323
98300
398
323
98320
391
318
99200
379
319
99220
358
323
99240
340
325
99260
354
325
100000
360
325
100020
373
336
100040
404
347
100060
441
354
100080
468
362
100100
497
374
100120
525
381
100140
543
390
100160
567
403
100180
601
416
100200
631
425
100220
659
448
100240
689
454
100260
714
467
100280
747
475
100300
771
480
100320
778
492
100340
786
507
100360
808
512
100380
827
513
100400
835
499
103800
815
486
103820
787
471
103840
757
449
103860
739
432
103880
725
410
103900
712
398
103920
701
378
103940
692
365
103960
682
348
103980
672
334
104000
656
322
104020
643
306
104040
632
291
104060
619
282
104080
612
267
104100
609
252
104120
606
234
104140
612
222
104160
612
209
104180
613
201
104200
612
191
104220
610
184
104240
610
170
104260
618
160
104280
616
149
104300
614
140
104320
612
126
104340
614
116
104360
614
103
104380
615
96
104400
604
79
104420
609
72
104440
603
68
104460
