589
107
98540
591
100
98560
595
108
98580
598
116
98600
596
135
98620
599
141
98640
601
153
98660
604
166
98680
607
172
98700
630
204
98720
645
223
98740
662
237
98760
685
249
98780
706
255
98800
731
276
98820
746
288
98840
768
300
98860
791
317
98880
821
336
98900
842
348
98920
871
365
98940
905
383
98960
941
397
98980
970
413
99000
986
430
99020
1002
452
99040
1008
473
99060
1029
490
99080
1052
514
99100
1078
536
99120
1100
556
99140
1111
580
99160
1118
613
99180
1137
640
99200
1151
670
99220
1175
697
99240
1183
737
99260
1195
773
99280
1205
805
99300
1223
840
99320
1240
878
99340
1253
919
99360
1275
957
99380
1297
1012
99400
1327
1053
99420
