1157
1010
98460
1146
981
98480
1077
927
98500
1042
906
98520
1004
872
98540
962
838
98560
930
814
98580
885
787
98600
839
764
98620
800
742
98640
758
720
98660
724
695
98680
689
673
98700
656
653
98720
622
633
98740
586
633
98760
584
622
98780
583
602
98800
574
591
98820
569
582
98840
542
568
98860
509
562
98880
466
563
98900
428
565
98920
368
565
98940
318
556
98960
268
553
98980
208
545
99000
150
543
99020
96
536
99040
38
532
99060
