1744
515
98660
1709
519
98680
1673
513
98700
1625
506
98720
1587
505
98740
1553
497
98760
1510
488
98780
1470
483
98800
1424
482
98820
1385
494
98840
1339
491
98860
1308
497
98880
1267
506
98900
1228
513
98920
1186
517
98940
1146
517
98960
1108
519
98980
1069
515
99000
1028
521
99020
994
526
99040
978
518
99060
855
489
99520
815
494
99540
782
502
99560
742
504
99580
704
500
99600
666
505
99620
616
503
99640
579
496
99660
535
499
99680
505
498
99700
463
501
99720
422
500
99740
378
503
99760
328
501
99780
283
509
99800
246
514
99820
207
516
99840
157
515
99860
121
517
99880
87
514
99900
41
516
99920
