501
107
98560
496
125
98580
490
136
98600
484
145
98620
480
156
98640
484
168
98660
493
178
98680
506
189
98700
522
199
98720
535
209
98740
548
219
98760
565
231
98780
582
241
98800
597
253
98820
615
264
98840
635
276
98860
663
285
98880
690
295
98900
716
306
98920
744
317
98940
768
326
98960
795
338
98980
822
350
99000
847
356
99020
875
372
99040
903
368
99060
935
380
99080
962
390
99100
995
406
99120
1028
419
99140
1062
425
99160
1098
438
99180
1134
452
99200
1165
457
99220
1216
473
99240
1240
479
99260
1272
492
99280
1301
493
99300
1333
505
99320
1362
522
99340
1397
540
99360
1438
552
99380
1475
564
99400
1522
578
99420
1561
587
99440
1602
605
99460
1649
620
99480
1691
619
99500
1741
622
99520
1779
627
99540
