769
1033
98740
816
1006
98760
864
974
98780
911
940
98800
958
913
98820
1004
882
98840
1045
854
98860
1083
822
98880
1122
798
98900
1159
770
98920
1189
746
98940
1204
717
98960
1207
688
98980
1212
656
99000
1229
629
99020
1250
600
99040
1271
577
99060
1293
584
99080
1298
566
99100
1311
537
99120
1319
520
99140
1340
497
99160
1367
482
99180
1402
467
99200
1437
425
99220
1476
417
99240
1514
411
99260
1551
405
99280
1588
402
99300
