1568
1039
99300
1523
1060
99320
1473
1039
99340
1420
1015
99360
1372
999
99380
1324
977
99400
1278
960
99420
1226
937
99440
1180
925
99460
1130
905
99480
1083
884
99500
1035
869
99520
989
853
99540
947
838
99560
907
817
99580
865
799
99600
825
784
99620
787
771
99640
749
754
99660
708
748
99680
662
739
99700
598
698
99720
564
683
99740
525
677
99760
484
665
99780
454
652
99800
415
638
99820
384
630
99840
342
622
99860
306
610
99880
268
604
99900
223
596
99920
187
592
99940
143
580
99960
104
574
99980
63
561
100000
24
555
100020
